***************************************************************************
 Station  DD   MM YYYY   RAD    Tmin   Tmax    HUM   WIND   RAIN   ETref
*     nr   nr  nr   kJ/m2     C      C     kPa    m/s    mm      mm
***************************************************************************
'Borkhar'  1   1  2004  14130.0 -4.8    5.5   0.48    1.0    0.0   -99.9
'Borkhar'  2   1  2004  13480.0 -2.0    7.8   0.63    0.8    0.0   -99.9
'Borkhar'  3   1  2004   9140.0 -0.9   11.0   0.70    2.9    0.3   -99.9
'Borkhar'  4   1  2004  10970.0  0.2   10.7   0.58    1.5    0.0   -99.9
'Borkhar'  5   1  2004  17000.0 -2.8   11.8   0.48    0.8    0.0   -99.9
'Borkhar'  6   1  2004  11040.0  0.4   12.1   0.48    1.5    0.0   -99.9
'Borkhar'  7   1  2004   4750.0  2.2    6.8   0.78    1.5   18.0   -99.9
'Borkhar'  8   1  2004   8400.0  0.6    8.4   0.80    0.8    1.0   -99.9
'Borkhar'  9   1  2004   6190.0 -1.0   10.3   0.86    0.9    0.0   -99.9
'Borkhar' 10   1  2004  15620.0 -1.8   10.1   0.74    1.5    0.0   -99.9
'Borkhar' 11   1  2004   2130.0  2.7    6.1   0.88    0.9    8.4   -99.9
'Borkhar' 12   1  2004  11840.0  2.2    6.2   0.73    0.9    0.0   -99.9
'Borkhar' 13   1  2004   8920.0  3.4    8.3   0.83    3.9   17.0   -99.9
'Borkhar' 14   1  2004  11360.0  1.7   10.5   0.75    1.3    0.0   -99.9
'Borkhar' 15   1  2004  12240.0  0.1    7.9   0.56    2.7    0.0   -99.9
'Borkhar' 16   1  2004  12450.0 -1.4    9.4   0.57    1.5    0.0   -99.9
'Borkhar' 17   1  2004   8420.0 -2.4    8.6   0.58    0.5    0.0   -99.9
'Borkhar' 18   1  2004   7260.0  1.2    7.9   0.66    1.0    0.5   -99.9
'Borkhar' 19   1  2004   8860.0 -0.4    8.8   0.68    1.8    0.2   -99.9
'Borkhar' 20   1  2004   8090.0 -1.9    6.1   0.59    1.5    0.0   -99.9
'Borkhar' 21   1  2004  11730.0 -4.6    6.7   0.53    0.8    0.0   -99.9
'Borkhar' 22   1  2004  12910.0 -4.9    9.7   0.47    1.0    0.0   -99.9
'Borkhar' 23   1  2004   9130.0 -2.1    7.8   0.53    1.3    0.0   -99.9
'Borkhar' 24   1  2004  11500.0 -2.7   12.0   0.56    2.0    0.0   -99.9
'Borkhar' 25   1  2004  12210.0  0.1   11.2   0.59    1.0    0.0   -99.9
'Borkhar' 26   1  2004  11255.1 -1.0   10.9   0.57    1.2    0.6   -99.9
'Borkhar' 27   1  2004  10379.1  1.2    7.4   0.67    3.1    8.0   -99.9
'Borkhar' 28   1  2004  12775.2 -3.8    6.5   0.49    2.2    0.0   -99.9
'Borkhar' 29   1  2004  14848.9 -3.2    6.1   0.48    2.6    0.0   -99.9
'Borkhar' 30   1  2004  14938.7 -5.2    7.0   0.48    1.5    0.0   -99.9
'Borkhar' 31   1  2004  12550.0 -4.1   10.4   0.45    1.1    0.0   -99.9
'Borkhar'  1   2  2004   9120.0 -2.7    9.5   0.53    1.5    0.0   -99.9
'Borkhar'  2   2  2004   4140.0 -1.3    8.2   0.48    2.0    0.0   -99.9
'Borkhar'  3   2  2004   9250.0 -3.9    9.0   0.38    1.2    0.0   -99.9
'Borkhar'  4   2  2004  15499.9 -4.6   10.0   0.40    0.8    0.0   -99.9
'Borkhar'  5   2  2004  13260.9 -4.3   11.5   0.42    1.4    0.0   -99.9
'Borkhar'  6   2  2004  11721.5 -0.1   10.1   0.64    2.3    3.0   -99.9
'Borkhar'  7   2  2004  14073.7 -2.2    7.7   0.44    2.7    0.0   -99.9
'Borkhar'  8   2  2004  16359.8 -2.4    8.6   0.36    2.8    0.0   -99.9
'Borkhar'  9   2  2004  16282.2 -2.9   14.0   0.47    1.5    0.0   -99.9
'Borkhar' 10   2  2004  16573.1 -2.7   16.7   0.39    1.0    0.0   -99.9
'Borkhar' 11   2  2004  16309.9 -1.8   15.9   0.42    3.0    0.0   -99.9
'Borkhar' 12   2  2004  14880.0  0.2   15.9   0.38    2.3    0.0   -99.9
'Borkhar' 13   2  2004  14250.0  0.1   16.5   0.47    2.3    0.0   -99.9
'Borkhar' 14   2  2004  21720.0  5.4   20.6   0.59    5.6    0.0   -99.9
'Borkhar' 15   2  2004   8017.3  6.6   12.4   0.66    5.5    1.2   -99.9
'Borkhar' 16   2  2004  17430.0 -3.0    9.0   0.24    2.6    0.0   -99.9
'Borkhar' 17   2  2004  16000.0 -2.3   11.7   0.27    1.4    0.0   -99.9
'Borkhar' 18   2  2004  16550.0 -2.7   12.1   0.31    1.7    0.0   -99.9
'Borkhar' 19   2  2004  14210.0  1.5   13.6   0.48    2.6    0.0   -99.9
'Borkhar' 20   2  2004  17398.5 -0.5   10.3   0.32    3.7    0.0   -99.9
'Borkhar' 21   2  2004  17903.7 -4.2   11.5   0.30    1.1    0.0   -99.9
'Borkhar' 22   2  2004  16149.6 -2.7   14.1   0.38    2.3    0.0   -99.9
'Borkhar' 23   2  2004  16948.8  7.2   14.5   0.40    8.6    0.0   -99.9
'Borkhar' 24   2  2004  16610.0 -3.7   13.6   0.26    2.0    0.0   -99.9
'Borkhar' 25   2  2004  18969.1 -1.4   14.0   0.31    2.7    0.0   -99.9
'Borkhar' 26   2  2004  18385.8  0.3   14.8   0.38    2.5    0.0   -99.9
'Borkhar' 27   2  2004  18098.4  0.9   15.3   0.43    1.8    0.0   -99.9
'Borkhar' 28   2  2004  19300.0  0.1   17.4   0.47    1.3    0.0   -99.9
'Borkhar' 29   2  2004  18560.0  2.8   18.8   0.42    1.4    0.0   -99.9
'Borkhar'  1   3  2004  15430.0  3.0   18.1   0.46    1.8    0.0   -99.9
'Borkhar'  2   3  2004  12810.0  4.4   19.3   0.56    2.2    0.0   -99.9
'Borkhar'  3   3  2004  22090.0  6.1   19.4   0.56    3.2    0.0   -99.9
'Borkhar'  4   3  2004  18210.0  5.1   21.6   0.58    2.5    0.0   -99.9
'Borkhar'  5   3  2004  13990.0  5.6   22.6   0.58    1.9    0.0   -99.9
'Borkhar'  6   3  2004  14280.0  8.7   22.4   0.46    1.6    0.0   -99.9
'Borkhar'  7   3  2004  16170.0  7.6   24.4   0.42    1.4    0.0   -99.9
'Borkhar'  8   3  2004  20390.0  7.1   23.9   0.49    1.7    0.0   -99.9
'Borkhar'  9   3  2004  12030.0  8.1   21.8   0.54    1.4    0.0   -99.9
'Borkhar' 10   3  2004  16030.0  4.6   20.7   0.57    2.9    0.0   -99.9
'Borkhar' 11   3  2004  18510.0  4.9   22.3   0.48    1.8    0.0   -99.9
'Borkhar' 12   3  2004  15140.0  5.7   21.0   0.32    3.1    0.0   -99.9
'Borkhar' 13   3  2004  13840.0  6.7   15.1   0.68    4.0    0.0   -99.9
'Borkhar' 14   3  2004  15540.0  5.9   16.4   0.54    4.6    0.0   -99.9
'Borkhar' 15   3  2004  15790.0  1.7    9.8   0.74    3.4    3.2   -99.9
'Borkhar' 16   3  2004  16160.0 -2.1    7.3   0.43    2.0    0.0   -99.9
'Borkhar' 17   3  2004  16400.0 -3.7    8.9   0.42    2.2    0.0   -99.9
'Borkhar' 18   3  2004  16370.0 -1.5   14.1   0.49    2.1    0.0   -99.9
'Borkhar' 19   3  2004   9676.9  0.7    7.6   0.69    1.7    2.5   -99.9
'Borkhar' 20   3  2004  19050.0  1.1    9.3   0.65    2.4    0.0   -99.9
'Borkhar' 21   3  2004  12080.0  1.5    8.3   0.60    1.6    0.0   -99.9
'Borkhar' 22   3  2004  19600.0 -1.5   13.6   0.45    1.1    0.0   -99.9
'Borkhar' 23   3  2004  19550.0  0.0   17.0   0.33    1.0    0.0   -99.9
'Borkhar' 24   3  2004  20840.0  2.0   19.9   0.32    1.4    0.0   -99.9
'Borkhar' 25   3  2004  16030.0  2.9   21.2   0.35    1.5    0.0   -99.9
'Borkhar' 26   3  2004  19150.0  5.8   20.9   0.38    2.6    0.0   -99.9
'Borkhar' 27   3  2004  21770.0  6.8   22.0   0.47    1.5    0.0   -99.9
'Borkhar' 28   3  2004  20280.0  7.0   22.7   0.46    1.4    0.0   -99.9
'Borkhar' 29   3  2004  16640.0  7.7   23.2   0.41    1.5    0.0   -99.9
'Borkhar' 30   3  2004  13801.6  9.4   21.3   0.49    2.6    0.0   -99.9
'Borkhar' 31   3  2004  15110.0  8.8   19.3   0.64    3.5    0.0   -99.9
'Borkhar'  1   4  2004  18640.0  5.8   15.3   0.66    4.3    0.0   -99.9
'Borkhar'  2   4  2004  21120.0  1.8   16.3   0.49    1.4    0.0   -99.9
'Borkhar'  3   4  2004  14100.0  6.7   20.1   0.60    3.7    0.0   -99.9
'Borkhar'  4   4  2004   5490.0  9.1   13.8   1.08    3.5   10.7   -99.9
'Borkhar'  5   4  2004  22860.0  8.7   17.6   0.77    3.7    0.6   -99.9
'Borkhar'  6   4  2004  15930.0  2.6   17.0   0.49    1.4    0.0   -99.9
'Borkhar'  7   4  2004  20980.0  3.9   16.5   0.56    2.5    0.0   -99.9
'Borkhar'  8   4  2004  23390.0  3.5   17.4   0.58    1.4    0.0   -99.9
'Borkhar'  9   4  2004  18270.0  6.0   18.1   0.47    2.6    0.0   -99.9
'Borkhar' 10   4  2004  21500.0  9.2   17.1   0.60    3.1    0.3   -99.9
'Borkhar' 11   4  2004  12310.0  5.9   16.0   0.85    1.8    0.0   -99.9
'Borkhar' 12   4  2004   4990.0  8.5   18.1   0.80    1.7    0.3   -99.9
'Borkhar' 13   4  2004  12170.0  9.1   17.0   1.15    1.8   11.0   -99.9
'Borkhar' 14   4  2004  18480.0  8.2   19.5   1.09    1.5    0.0   -99.9
'Borkhar' 15   4  2004  21270.0  7.9   22.8   0.80    3.4    0.0   -99.9
'Borkhar' 16   4  2004  18450.0 11.4   21.8   0.66    3.7    0.0   -99.9
'Borkhar' 17   4  2004  15150.0  6.7   15.9   0.70    4.8    1.0   -99.9
'Borkhar' 18   4  2004  25370.0  1.9   15.0   0.47    1.8    0.0   -99.9
'Borkhar' 19   4  2004  22620.0  3.3   18.4   0.49    1.4    0.0   -99.9
'Borkhar' 20   4  2004  21570.0  9.8   15.2   0.67    2.2    0.0   -99.9
'Borkhar' 21   4  2004  19679.4  7.1   19.5   0.64    2.4    0.0   -99.9
'Borkhar' 22   4  2004  22090.0  7.6   24.6   0.67    1.9    0.0   -99.9
'Borkhar' 23   4  2004  18500.0 13.1   24.5   0.77    4.1    0.0   -99.9
'Borkhar' 24   4  2004  25350.0 13.1   22.8   0.95    4.0    0.0   -99.9
'Borkhar' 25   4  2004  23390.0  7.9   15.4   0.99    2.0    4.0   -99.9
'Borkhar' 26   4  2004  29980.0  6.1   21.3   0.90    1.7    0.0   -99.9
'Borkhar' 27   4  2004  29480.0  9.9   23.1   0.65    2.9    0.0   -99.9
'Borkhar' 28   4  2004  29310.0  9.8   23.1   0.63    1.9    0.0   -99.9
'Borkhar' 29   4  2004  29090.0  9.1   23.4   0.52    1.6    0.0   -99.9
'Borkhar' 30   4  2004  22610.0 11.7   24.8   0.71    2.6    0.0   -99.9
'Borkhar'  1   5  2004  15290.0 11.2   24.4   1.04    2.5    0.0   -99.9
'Borkhar'  2   5  2004 22070.0   9.5   24.3    0.7    2.8    0.0   -99.9
'Borkhar'  3   5  2004 22470.0  10.1   26.9    0.8    1.8    0.0   -99.9
'Borkhar'  4   5  2004 28480.0  10.2   23.0    1.4    2.8    1.2   -99.9
'Borkhar'  5   5  2004 22960.0   9.7   21.8    1.0    3.6    0.5   -99.9
'Borkhar'  6   5  2004 22410.0   7.9   20.6    0.8    2.6    0.0   -99.9
'Borkhar'  7   5  2004 22810.0  10.9   21.8    0.7    1.8    0.0   -99.9
'Borkhar'  8   5  2004 24550.0  10.3   25.6    0.8    1.2    0.0   -99.9
'Borkhar'  9   5  2004 24210.0  11.6   28.3    0.7    1.8    0.0   -99.9
'Borkhar' 10   5  2004 24360.0  14.5   29.1    0.6    2.4    0.0   -99.9
'Borkhar' 11   5  2004 12055.0  14.4   27.8    0.8    1.4    0.0   -99.9
'Borkhar' 12   5  2004 18380.0  15.6   28.4    0.7    4.4    0.0   -99.9
'Borkhar' 13   5  2004 23250.0  12.4   25.9    0.4    5.2    0.0   -99.9
'Borkhar' 14   5  2004 22760.0   7.9   21.1    0.3    3.7    0.0   -99.9
'Borkhar' 15   5  2004 18740.0   9.5   24.9    0.6    4.1    0.0   -99.9
'Borkhar' 16   5  2004 23110.0  12.2   25.4    0.4    4.4    0.0   -99.9
'Borkhar' 17   5  2004 26240.0   9.6   25.2    0.4    2.4    0.0   -99.9
'Borkhar' 18   5  2004 21610.0  10.2   25.4    0.4    2.6    0.0   -99.9
'Borkhar' 19   5  2004 22040.0  11.0   26.3    0.4    1.6    0.0   -99.9
'Borkhar' 20   5  2004 21370.0  12.1   29.9    0.6    3.8    0.0   -99.9
'Borkhar' 21   5  2004 24170.0  14.1   30.0    0.6    3.8    0.0   -99.9
'Borkhar' 22   5  2004 20230.0  13.1   28.9    0.7    2.4    0.0   -99.9
'Borkhar' 23   5  2004 20830.0  11.8   28.9    0.7    2.3    0.0   -99.9
'Borkhar' 24   5  2004 19740.0  13.5   27.0    0.8    1.6    0.0   -99.9
'Borkhar' 25   5  2004 23050.0  13.4   27.6    0.7    1.0    0.0   -99.9
'Borkhar' 26   5  2004 22490.0  14.7   28.4    0.5    1.7    0.0   -99.9
'Borkhar' 27   5  2004 23330.0  14.5   29.4    0.5    3.2    0.0   -99.9
'Borkhar' 28   5  2004 21150.0  14.3   30.2    0.6    2.4    0.0   -99.9
'Borkhar' 29   5  2004 15840.0  15.8   27.7    0.8    4.6    0.0   -99.9
'Borkhar' 30   5  2004 21170.0  11.0   27.6    0.7    1.1    0.0   -99.9
'Borkhar' 31   5  2004 20820.0  14.5   27.3    0.6    2.6    0.0   -99.9
'Borkhar'  1   6  2004 19100.0  12.8   30.3    0.5    1.4    0.0   -99.9
'Borkhar'  2   6  2004 32770.0  14.8   32.3    0.6    3.0    0.0   -99.9
'Borkhar'  3   6  2004 24250.0  15.4   32.0    0.5    2.0    0.0   -99.9
'Borkhar'  4   6  2004 24350.0  15.1   31.7    0.5    1.8    0.0   -99.9
'Borkhar'  5   6  2004 22890.0  15.6   31.4    0.5    2.0    0.0   -99.9
'Borkhar'  6   6  2004 24290.0  15.7   31.5    0.7    1.6    0.0   -99.9
'Borkhar'  7   6  2004 24390.0  15.8   34.5    0.7    1.8    0.0   -99.9
'Borkhar'  8   6  2004 24540.0  18.1   33.6    0.5    1.2    0.0   -99.9
'Borkhar'  9   6  2004 24950.0  16.8   33.2    0.5    2.2    0.0   -99.9
'Borkhar' 10   6  2004 24200.0  19.6   33.0    0.5    3.5    0.0   -99.9
'Borkhar' 11   6  2004 23780.0  19.0   33.0    0.6    1.8    0.0   -99.9
'Borkhar' 12   6  2004 24590.0  19.4   33.4    0.6    2.5    0.0   -99.9
'Borkhar' 13   6  2004 21070.0  17.7   31.2    0.8    3.5    0.0   -99.9
'Borkhar' 14   6  2004 20940.0  17.2   28.9    0.8    3.1    0.0   -99.9
'Borkhar' 15   6  2004 23450.0  17.2   31.0    0.6    1.6    0.0   -99.9
'Borkhar' 16   6  2004 25750.0  18.0   32.7    0.4    2.3    0.0   -99.9
'Borkhar' 17   6  2004 24870.0  19.9   33.5    0.6    2.2    0.0   -99.9
'Borkhar' 18   6  2004 16670.0  21.0   32.1    0.5    4.1    0.0   -99.9
'Borkhar' 19   6  2004 21340.0  19.4   31.9    0.6    2.6    0.0   -99.9
'Borkhar' 20   6  2004 24590.0  19.1   34.5    0.6    1.0    0.0   -99.9
'Borkhar' 21   6  2004 22590.0  20.3   34.8    0.7    1.8    0.0   -99.9
'Borkhar' 22   6  2004 16710.0  23.9   33.7    0.7    2.6    0.0   -99.9
'Borkhar' 23   6  2004 20710.0  23.3   34.2    0.8    2.1    0.0   -99.9
'Borkhar' 24   6  2004 18090.0  18.2   34.6    0.7    1.8    0.0   -99.9
'Borkhar' 25   6  2004 18220.0  21.2   35.9    0.6    1.9    0.0   -99.9
'Borkhar' 26   6  2004 16700.0  21.2   35.6    0.5    2.6    0.0   -99.9
'Borkhar' 27   6  2004 18110.0  21.7   35.1    0.5    2.4    0.0   -99.9
'Borkhar' 28   6  2004 21490.0  19.0   35.2    0.4    2.4    0.0   -99.9
'Borkhar' 29   6  2004 19790.0  19.6   35.7    0.4    1.8    0.0   -99.9
'Borkhar' 30   6  2004 20620.0  22.2   35.0    0.6    3.5    0.0   -99.9
'Borkhar'  1   7  2004 20860.0  18.9   35.7    0.8    1.8    0.0   -99.9
'Borkhar'  2   7  2004 24777.8  20.2   36.3    0.7    1.6    0.0   -99.9
'Borkhar'  3   7  2004 12710.0  21.8   34.6    0.8    2.8    0.0   -99.9
'Borkhar'  4   7  2004 13550.0  22.7   36.2    0.7    1.5    0.0   -99.9
'Borkhar'  5   7  2004 17690.0  21.5   35.9    0.7    2.3    0.0   -99.9
'Borkhar'  6   7  2004 25650.0  23.0   34.0    0.9    3.5    0.0   -99.9
'Borkhar'  7   7  2004 13970.0  21.2   32.2    0.8    3.6    0.0   -99.9
'Borkhar'  8   7  2004 23850.0  20.3   33.4    1.0    1.8    0.0   -99.9
'Borkhar'  9   7  2004 21160.0  20.7   34.3    0.8    1.6    0.0   -99.9
'Borkhar' 10   7  2004 25620.0  20.0   34.9    0.9    1.6    0.0   -99.9
'Borkhar' 11   7  2004 23630.0  18.1   31.4    1.0    2.3    0.0   -99.9
'Borkhar' 12   7  2004 18580.0  17.4   28.6    1.1    3.0    0.0   -99.9
'Borkhar' 13   7  2004 25620.0  14.6   30.5    1.1    1.3    0.0   -99.9
'Borkhar' 14   7  2004 30620.0  17.3   32.0    0.9    1.2    0.0   -99.9
'Borkhar' 15   7  2004 20160.0  18.3   32.7    0.8    1.6    0.0   -99.9
'Borkhar' 16   7  2004 26440.0  19.2   33.7    0.8    1.8    0.0   -99.9
'Borkhar' 17   7  2004 24080.0  19.4   33.6    0.6    1.5    0.0   -99.9
'Borkhar' 18   7  2004 24240.0  15.7   31.9    0.6    1.7    0.0   -99.9
'Borkhar' 19   7  2004 23050.0  15.7   31.7    0.7    1.1    0.0   -99.9
'Borkhar' 20   7  2004 23300.0  16.0   32.1    0.7    1.7    0.0   -99.9
'Borkhar' 21   7  2004 23460.0  17.1   33.4    0.7    2.3    0.0   -99.9
'Borkhar' 22   7  2004 21080.0  17.6   34.6    0.7    2.3    0.0   -99.9
'Borkhar' 23   7  2004 23220.0  20.8   34.0    0.7    2.1    0.0   -99.9
'Borkhar' 24   7  2004 18630.0  19.3   33.5    0.8    2.7    0.0   -99.9
'Borkhar' 25   7  2004 19250.0  17.5   34.3    0.7    2.2    0.0   -99.9
'Borkhar' 26   7  2004 19450.0  18.0   35.0    0.7    1.9    0.0   -99.9
'Borkhar' 27   7  2004 20920.0  19.9   36.3    0.8    1.0    0.0   -99.9
'Borkhar' 28   7  2004 22630.0  19.2   36.8    0.8    2.1    0.0   -99.9
'Borkhar' 29   7  2004 21810.0  19.6   36.4    0.7    2.0    0.0   -99.9
'Borkhar' 30   7  2004 21090.0  19.8   36.9    0.8    1.7    0.0   -99.9
'Borkhar' 31   7  2004 18570.0  20.5   36.7    0.9    2.1    0.0   -99.9
'Borkhar'  1   8  2004 24681.5  21.2   35.3    1.0    2.4    0.0   -99.9
'Borkhar'  2   8  2004 33070.0  19.1   32.9    1.0    2.3    0.0   -99.9
'Borkhar'  3   8  2004 24110.0  18.6   34.4    0.9    2.2    0.0   -99.9
'Borkhar'  4   8  2004 33160.0  19.7   37.0    0.9    2.0    0.0   -99.9
'Borkhar'  5   8  2004 23160.0  21.4   36.7    0.8    2.2    0.0   -99.9
'Borkhar'  6   8  2004 21260.0  19.6   37.0    0.8    2.2    0.0   -99.9
'Borkhar'  7   8  2004 21890.0  20.7   36.9    0.9    1.8    0.0   -99.9
'Borkhar'  8   8  2004 23690.0  20.7   37.4    0.9    1.6    0.0   -99.9
'Borkhar'  9   8  2004 22230.0  20.0   37.8    0.8    1.6    0.0   -99.9
'Borkhar' 10   8  2004 22920.0  21.6   38.2    0.8    2.3    0.0   -99.9
'Borkhar' 11   8  2004 21460.0  19.5   38.2    0.9    2.5    0.0   -99.9
'Borkhar' 12   8  2004 23760.0  21.6   38.0    0.8    2.3    0.0   -99.9
'Borkhar' 13   8  2004 23810.0  19.5   37.2    0.7    2.0    0.0   -99.9
'Borkhar' 14   8  2004 23230.0  19.8   36.8    1.0    1.5    0.0   -99.9
'Borkhar' 15   8  2004 24590.0  21.3   37.2    1.2    1.9    0.0   -99.9
'Borkhar' 16   8  2004 22650.0  20.4   37.7    1.2    2.0    0.0   -99.9
'Borkhar' 17   8  2004 20660.0  21.7   37.7    1.2    2.4    0.0   -99.9
'Borkhar' 18   8  2004 21800.0  19.7   36.6    1.0    1.7    0.0   -99.9
'Borkhar' 19   8  2004 22540.0  19.1   36.4    1.0    1.6    0.0   -99.9
'Borkhar' 20   8  2004 22040.0  18.6   36.1    1.1    1.8    0.0   -99.9
'Borkhar' 21   8  2004 21920.0  21.0   36.2    1.1    2.2    0.0   -99.9
'Borkhar' 22   8  2004 22400.0  19.2   36.0    1.2    2.3    0.0   -99.9
'Borkhar' 23   8  2004 21560.0  19.0   36.2    1.3    1.8    0.0   -99.9
'Borkhar' 24   8  2004 21820.0  17.8   36.0    0.9    2.6    0.0   -99.9
'Borkhar' 25   8  2004 22940.0  18.3   35.7    0.6    2.2    0.0   -99.9
'Borkhar' 26   8  2004 26367.2  18.4   35.3    0.6    1.8    0.0   -99.9
'Borkhar' 27   8  2004 19520.0  17.8   34.3    0.6    2.0    0.0   -99.9
'Borkhar' 28   8  2004 21090.0  17.8   32.9    0.8    1.4    0.0   -99.9
'Borkhar' 29   8  2004 19450.0  18.4   33.5    0.8    1.8    0.0   -99.9
'Borkhar' 30   8  2004 25940.0  17.9   32.8    0.7    2.0    0.0   -99.9
'Borkhar' 31   8  2004 19450.0  18.8   32.3    0.7    2.0    0.0   -99.9
'Borkhar'  1   9  2004 19730.0  16.4   31.7    0.6    1.5    0.0   -99.9
'Borkhar'  2   9  2004 20320.0  15.5   32.6    0.6    1.4    0.0   -99.9
'Borkhar'  3   9  2004 21070.0  16.5   33.9    0.6    1.6    0.0   -99.9
'Borkhar'  4   9  2004 17780.0  16.8   33.6    0.6    2.2    0.0   -99.9
'Borkhar'  5   9  2004 21090.0  16.5   32.9    0.6    1.7    0.0   -99.9
'Borkhar'  6   9  2004 13220.0  18.5   34.2    0.7    0.7    0.0   -99.9
'Borkhar'  7   9  2004 17680.0  21.3   34.5    0.5    1.2    0.0   -99.9
'Borkhar'  8   9  2004 17570.0  21.0   33.8    0.7    1.7    0.0   -99.9
'Borkhar'  9   9  2004 18320.0  19.2   34.0    0.7    0.8    0.0   -99.9
'Borkhar' 10   9  2004 18010.0  17.9   34.0    0.8    1.2    0.0   -99.9
'Borkhar' 11   9  2004 17090.0  17.3   34.0    0.7    1.2    0.0   -99.9
'Borkhar' 12   9  2004 17260.0  16.2   32.5    0.7    1.8    0.0   -99.9
'Borkhar' 13   9  2004 19750.0  14.5   32.4    0.7    1.8    0.0   -99.9
'Borkhar' 14   9  2004 18620.0  14.1   31.3    0.8    1.9    0.0   -99.9
'Borkhar' 15   9  2004 18200.0  15.7   30.8    0.9    2.3    0.0   -99.9
'Borkhar' 16   9  2004 16760.0  13.5   28.8    0.8    2.2    0.0   -99.9
'Borkhar' 17   9  2004 18210.0  12.2   29.2    0.8    1.4    0.0   -99.9
'Borkhar' 18   9  2004 18170.0  13.8   28.7    0.7    1.2    0.0   -99.9
'Borkhar' 19   9  2004 16590.0  12.9   27.7    0.7    2.0    0.0   -99.9
'Borkhar' 20   9  2004 17180.0  13.2   26.4    1.0    2.5    0.6   -99.9
'Borkhar' 21   9  2004 16720.0  12.0   25.6    1.2    1.7    0.0   -99.9
'Borkhar' 22   9  2004 16640.0  11.8   26.5    0.8    1.2    0.0   -99.9
'Borkhar' 23   9  2004  7400.0  11.7   27.4    0.6    1.3    0.0   -99.9
'Borkhar' 24   9  2004 14510.0  13.1   27.8    0.6    2.3    0.0   -99.9
'Borkhar' 25   9  2004 17340.0  10.9   28.0    0.6    1.5    0.0   -99.9
'Borkhar' 26   9  2004 17810.0  11.7   27.8    0.5    1.5    0.0   -99.9
'Borkhar' 27   9  2004 17760.0  10.0   28.1    0.6    1.0    0.0   -99.9
'Borkhar' 28   9  2004 18260.0   9.2   27.4    0.5    0.7    0.0   -99.9
'Borkhar' 29   9  2004 16630.0   8.5   25.9    0.6    1.5    0.0   -99.9
'Borkhar' 30   9  2004 18060.0   8.5   25.4    0.5    1.2    0.0   -99.9
'Borkhar'  1   10 2004 17850.0   8.2   26.4    0.5    1.8    0.0   -99.9
'Borkhar'  2   10 2004 16210.0   8.2   27.8    0.5    1.2    0.0   -99.9
'Borkhar'  3   10 2004 17020.0  10.3   27.8    0.6    1.5    0.0   -99.9
'Borkhar'  4   10 2004  6640.0  11.7   27.7    0.5    1.9    0.0   -99.9
'Borkhar'  5   10 2004 16430.0  11.5   27.7    0.5    1.2    0.0   -99.9
'Borkhar'  6   10 2004 15530.0  12.2   26.9    0.6    1.4    0.0   -99.9
'Borkhar'  7   10 2004 14410.0  11.1   26.0    0.8    1.6    0.0   -99.9
'Borkhar'  8   10 2004 14260.0  10.0   24.2    0.9    1.3    0.0   -99.9
'Borkhar'  9   10 2004 14550.0   8.3   23.7    0.8    0.5    0.0   -99.9
'Borkhar' 10   10 2004 15040.0   8.9   26.7    0.7    1.0    0.0   -99.9
'Borkhar' 11   10 2004 14260.0  11.6   28.3    0.8    1.1    0.0   -99.9
'Borkhar' 12   10 2004 14910.0  12.8   27.7    0.7    1.8    0.0   -99.9
'Borkhar' 13   10 2004 14510.0  12.2   27.9    0.7    1.0    0.0   -99.9
'Borkhar' 14   10 2004 14280.0  13.4   25.6    0.7    3.7    0.0   -99.9
'Borkhar' 15   10 2004 13960.0  10.7   24.4    0.7    1.9    0.0   -99.9
'Borkhar' 16   10 2004 13470.0  10.6   23.3    0.9    1.8    0.2   -99.9
'Borkhar' 17   10 2004 12620.0   9.2   23.9    0.9    2.0    0.0   -99.9
'Borkhar' 18   10 2004 13480.0   8.1   23.3    0.8    1.0    0.0   -99.9
'Borkhar' 19   10 2004 13720.0   8.8   22.4    0.7    1.9    0.0   -99.9
'Borkhar' 20   10 2004 13640.0   8.0   22.6    0.7    1.2    0.0   -99.9
'Borkhar' 21   10 2004 11920.0   7.6   23.3    0.5    1.6    0.0   -99.9
'Borkhar' 22   10 2004  9360.0   8.6   21.3    0.6    4.8    0.0   -99.9
'Borkhar' 23   10 2004 11550.0   7.6   21.8    0.7    1.7    0.0   -99.9
'Borkhar' 24   10 2004 13240.0   8.5   20.5    0.7    2.3    0.0   -99.9
'Borkhar' 25   10 2004 11690.0   4.8   20.5    0.5    0.4    0.0   -99.9
'Borkhar' 26   10 2004 12780.0   5.2   21.3    0.6    1.7    0.0   -99.9
'Borkhar' 27   10 2004 11450.0   4.5   20.8    0.5    0.8    0.0   -99.9
'Borkhar' 28   10 2004 11580.0   4.3   20.2    0.5    0.9    0.0   -99.9
'Borkhar' 29   10 2004 12500.0   4.3   20.8    0.6    0.9    0.0   -99.9
'Borkhar' 30   10 2004 12280.0   4.9   21.1    0.5    0.8    0.0   -99.9
'Borkhar' 31   10 2004 11750.0   5.7   21.8    0.6    1.2    0.0   -99.9
'Borkhar'  1   11 2004 12040.0   5.6   21.5    0.5    1.0    0.0   -99.9
'Borkhar'  2   11 2004 11430.0   4.4   20.9    0.5    1.1    0.0   -99.9
'Borkhar'  3   11 2004  4680.0   7.4   17.0    0.6    1.8    0.0   -99.9
'Borkhar'  4   11 2004  8730.0   5.4   17.5    0.8    1.1    0.0   -99.9
'Borkhar'  5   11 2004 10730.0   3.8   18.3    0.7    0.8    0.0   -99.9
'Borkhar'  6   11 2004 11100.0   3.4   19.4    0.7    1.4    0.0   -99.9
'Borkhar'  7   11 2004  9830.0   5.3   20.1    0.7    1.2    0.0   -99.9
'Borkhar'  8   11 2004 10790.0   7.0   21.4    0.8    0.6    0.0   -99.9
'Borkhar'  9   11 2004 10590.0   7.2   20.2    0.9    1.2    0.3   -99.9
'Borkhar' 10   11 2004  9270.0   7.2   20.3    0.8    1.1    0.0   -99.9
'Borkhar' 11   11 2004 11270.0   7.4   19.3    0.8    0.9    0.0   -99.9
'Borkhar' 12   11 2004 10580.0   6.1   18.6    0.8    0.6    0.0   -99.9
'Borkhar' 13   11 2004  8700.0   6.5   17.8    0.9    1.9    1.0   -99.9
'Borkhar' 14   11 2004 11430.0   3.6   15.8    0.8    1.4    0.0   -99.9
'Borkhar' 15   11 2004 10860.0   2.2   15.0    0.8    0.8    0.0   -99.9
'Borkhar' 16   11 2004 11250.0   1.6   16.3    0.6    0.9    0.0   -99.9
'Borkhar' 17   11 2004  4490.0   2.4   13.6    0.5    0.9    0.0   -99.9
'Borkhar' 18   11 2004 10410.0   4.3   17.8    0.7    2.9    0.0   -99.9
'Borkhar' 19   11 2004  4120.0   7.9   12.8    1.0    2.9    1.0   -99.9
'Borkhar' 20   11 2004  3560.0   3.0   11.7    0.9    1.0    2.2   -99.9
'Borkhar' 21   11 2004  9670.0   3.4   14.9    1.0    0.4    2.0   -99.9
'Borkhar' 22   11 2004  9230.0   2.4   15.6    1.0    0.9    0.0   -99.9
'Borkhar' 23   11 2004  8850.0   6.8   16.1    0.7    5.6    0.1   -99.9
'Borkhar' 24   11 2004 11890.0   1.7   10.7    0.4    2.9    0.0   -99.9
'Borkhar' 25   11 2004 11360.0  -3.3   11.7    0.4    0.9    0.0   -99.9
'Borkhar' 26   11 2004  9800.0  -2.4   12.9    0.5    1.1    0.0   -99.9
'Borkhar' 27   11 2004  9970.0   0.7   17.6    0.7    4.3    0.0   -99.9
'Borkhar' 28   11 2004 11630.0   0.8    6.9    0.3    3.7    0.0   -99.9
'Borkhar' 29   11 2004 11130.0  -6.6    9.4    0.3    0.3    0.0   -99.9
'Borkhar' 30   11 2004 13140.0  -3.7   10.3    0.4    0.9    0.0   -99.9
'Borkhar'  1   12 2004  4010.0  -3.0    6.9    0.3    0.7    0.0   -99.9
'Borkhar'  2   12 2004 10410.0  -3.7    8.1    0.4    1.2    0.0   -99.9
'Borkhar'  3   12 2004 10450.0  -4.5    6.4    0.4    1.1    0.0   -99.9
'Borkhar'  4   12 2004 10120.0  -6.9    6.5    0.3    0.6    0.0   -99.9
'Borkhar'  5   12 2004 10100.0  -6.4    8.4    0.3    0.7    0.0   -99.9
'Borkhar'  6   12 2004  9840.0  -5.8    9.6    0.4    0.5    0.0   -99.9
'Borkhar'  7   12 2004 11070.0  -3.6    9.6    0.4    0.6    0.0   -99.9
'Borkhar'  8   12 2004  6230.0  -2.6    9.8    0.5    1.2    0.3   -99.9
'Borkhar'  9   12 2004  5509.1   1.5    5.1    0.8    2.1    7.1   -99.9
'Borkhar' 10   12 2004 10400.0  -2.8    8.7    0.7    0.4    0.0   -99.9
'Borkhar' 11   12 2004  5170.0   0.1    7.1    0.6    0.5    0.0   -99.9
'Borkhar' 12   12 2004  9940.0  -1.6   10.1    0.7    1.7    3.0   -99.9
'Borkhar' 13   12 2004  9780.0   1.2    9.1    0.8    0.8    2.0   -99.9
'Borkhar' 14   12 2004 10960.0  -2.1    8.8    0.4    1.1    0.0   -99.9
'Borkhar' 15   12 2004  1530.0  -0.9    5.2    0.6    1.3    2.0   -99.9
'Borkhar' 16   12 2004  3260.0   1.6    8.4    0.8    1.4    0.0   -99.9
'Borkhar' 17   12 2004  8550.0  -1.5    6.8    0.5    1.3    0.0   -99.9
'Borkhar' 18   12 2004 12553.8  -3.8    3.2    0.3    1.9    0.0   -99.9
'Borkhar' 19   12 2004  6220.0  -4.9    1.4    0.3    0.3    0.0   -99.9
'Borkhar' 20   12 2004  9550.0  -4.0    8.4    0.4    0.7    0.0   -99.9
'Borkhar' 21   12 2004 11398.0  -2.7    7.3    0.5    1.5    0.0   -99.9
'Borkhar' 22   12 2004 10390.0  -4.0    7.4    0.4    0.3    0.0   -99.9
'Borkhar' 23   12 2004  5940.0  -4.0    6.7    0.4    0.6    0.0   -99.9
'Borkhar' 24   12 2004  7782.1  -4.3    6.1    0.4    0.5    0.0   -99.9
'Borkhar' 25   12 2004  1440.0  -0.7    2.5    0.6    0.8   11.0   -99.9
'Borkhar' 26   12 2004  8540.0  -0.4    4.3    0.7    2.1    0.0   -99.9
'Borkhar' 27   12 2004  7530.0  -1.2    3.9    0.5    2.5    0.0   -99.9
'Borkhar' 28   12 2004  8090.0  -4.3    2.4    0.3    2.2    0.6   -99.9
'Borkhar' 29   12 2004 11760.0  -6.7    5.1    0.3    1.9    0.0   -99.9
'Borkhar' 30   12 2004 11450.0  -5.4    8.8    0.3    1.7    0.0   -99.9
'Borkhar' 31   12 2004  11150.0   -2.4   14.1    0.5    1.8    0.0   -99.9
