***************************************************************************
 Station  DD   MM YYYY   RAD    Tmin   Tmax    HUM   WIND   RAIN   ETref
*     nr   nr  nr   kJ/m2     C      C     kPa    m/s    mm      mm
***************************************************************************
'Borkhar'  1   1  2005  11652.4 -4.8   14.4   0.54    0.9    0.0   -99.9
'Borkhar'  2   1  2005  11587.1 -2.9   13.1   0.41    1.5    0.0   -99.9
'Borkhar'  3   1  2005  11150.6  0.0   15.0   0.33    3.1    0.0   -99.9
'Borkhar'  4   1  2005  13144.2 -3.2   10.1   0.37    1.3    0.0   -99.9
'Borkhar'  5   1  2005  12994.5 -5.7    8.4   0.28    1.5    0.0   -99.9
'Borkhar'  6   1  2005   5142.4 -1.0    4.2   0.49    0.6    4.0   -99.9
'Borkhar'  7   1  2005  10155.4 -4.4    7.2   0.54    0.2    0.0   -99.9
'Borkhar'  8   1  2005  11419.2 -4.9    7.2   0.38    0.9    0.0   -99.9
'Borkhar'  9   1  2005  10986.4 -6.7    6.7   0.38    0.4    0.0   -99.9
'Borkhar' 10   1  2005   4753.3 -1.0    3.8   0.67    2.0    5.8   -99.9
'Borkhar' 11   1  2005  11166.8 -1.9    5.9   0.41    0.9    0.8   -99.9
'Borkhar' 12   1  2005  12935.3 -4.2    1.1   0.41    3.6    5.0   -99.9
'Borkhar' 13   1  2005  13373.1 -12.2   1.0   0.23    2.0    0.0   -99.9
'Borkhar' 14   1  2005  13333.8 -11.2   2.3   0.24    1.7    0.0   -99.9
'Borkhar' 15   1  2005  13295.8 -10.1   3.6   0.23    1.5    0.0   -99.9
'Borkhar' 16   1  2005  13841.9 -9.5    5.5   0.22    0.8    0.0   -99.9
'Borkhar' 17   1  2005  12443.2 -6.8    6.3   0.30    1.3    0.0   -99.9
'Borkhar' 18   1  2005   8879.9 -5.1    5.3   0.50    0.8    0.2   -99.9
'Borkhar' 19   1  2005  11680.6 -1.9   13.3   0.48    3.0    1.0   -99.9
'Borkhar' 20   1  2005  14308.9 -1.1    8.9   0.31    4.2    0.2   -99.9
'Borkhar' 21   1  2005  13985.1 -6.1    7.4   0.26    2.7    0.0   -99.9
'Borkhar' 22   1  2005   5089.5 -4.8    3.2   0.37    1.5    4.0   -99.9
'Borkhar' 23   1  2005  12131.1 -1.9    6.5   0.47    3.2    3.0   -99.9
'Borkhar' 24   1  2005  14411.2 -5.7    8.6   0.33    2.0    0.0   -99.9
'Borkhar' 25   1  2005  14086.5 -1.9    7.4   0.29    3.5    0.0   -99.9
'Borkhar' 26   1  2005  14571.8 -8.0    5.9   0.26    0.2    0.0   -99.9
'Borkhar' 27   1  2005  10369.5 -7.6    7.6   0.31    0.4    0.0   -99.9
'Borkhar' 28   1  2005  15046.7 -6.1    8.9   0.27    4.2    0.0   -99.9
'Borkhar' 29   1  2005  13794.7 -7.6    9.5   0.27    1.9    0.0   -99.9
'Borkhar' 30   1  2005  13359.2 -4.9   12.7   0.33    0.3    0.0   -99.9
'Borkhar' 31   1  2005  12399.5 -2.9   12.9   0.36    1.2    0.0   -99.9
'Borkhar'  1   2  2005   7873.2 -0.5   14.8   0.41    3.5    0.0   -99.9
'Borkhar'  2   2  2005  14027.2  3.2   13.1   0.38    4.3    0.0   -99.9
'Borkhar'  3   2  2005  15700.1  1.0   11.6   0.37    2.8    0.0   -99.9
'Borkhar'  4   2  2005  15265.4 -5.7   11.2   0.31    1.1    0.0   -99.9
'Borkhar'  5   2  2005  15360.6 -1.9    9.9   0.31    3.6    0.0   -99.9
'Borkhar'  6   2  2005  14920.0 -8.2    8.2   0.29    1.3    0.0   -99.9
'Borkhar'  7   2  2005  11343.6 -5.2    8.2   0.34    2.6    0.0   -99.9
'Borkhar'  8   2  2005  13916.2 -7.6    8.0   0.27    1.3    0.0   -99.9
'Borkhar'  9   2  2005   9095.6 -6.3    7.6   0.28    1.5    0.0   -99.9
'Borkhar' 10   2  2005  15414.3 -6.7    3.4   0.20    4.4    0.0   -99.9
'Borkhar' 11   2  2005  14851.5 -8.9    2.3   0.21    1.8    0.0   -99.9
'Borkhar' 12   2  2005  16611.5 -7.8    7.6   0.26    2.8    0.0   -99.9
'Borkhar' 13   2  2005  15268.1 -7.2    8.2   0.29    2.1    0.0   -99.9
'Borkhar' 14   2  2005  16264.1 -4.4    8.0   0.32    2.7    0.0   -99.9
'Borkhar' 15   2  2005  17045.0 -8.0    8.6   0.25    1.2    0.0   -99.9
'Borkhar' 16   2  2005  17380.5 -6.7   11.2   0.28    2.0    0.0   -99.9
'Borkhar' 17   2  2005  16693.8 -6.1   10.8   0.31    0.9    0.0   -99.9
'Borkhar' 18   2  2005  16228.2 -7.6   11.0   0.27    1.1    0.0   -99.9
'Borkhar' 19   2  2005  18520.3 -6.5   15.8   0.31    1.5    0.0   -99.9
'Borkhar' 20   2  2005  17016.3 -2.3   17.7   0.38    0.7    0.0   -99.9
'Borkhar' 21   2  2005   9910.2  3.0   18.8   0.53    3.6    0.0   -99.9
'Borkhar' 22   2  2005  15010.8  6.5   16.2   0.64    4.0    0.0   -99.9
'Borkhar' 23   2  2005  17342.2 -3.2   13.1   0.40    1.8    0.0   -99.9
'Borkhar' 24   2  2005  17451.4 -2.1   12.5   0.46    1.3    0.0   -99.9
'Borkhar' 25   2  2005  15065.7 -1.9   13.7   0.45    0.8    0.0   -99.9
'Borkhar' 26   2  2005  12057.5  4.8   12.2   0.75    1.7    1.0   -99.9
'Borkhar' 27   2  2005  16099.1 -0.6   14.6   0.54    1.9    0.0   -99.9
'Borkhar' 28   2  2005  18009.5 -3.8   14.6   0.35    0.6    0.0   -99.9
'Borkhar'  1   3  2005  15331.2 -1.3   16.0   0.35    1.5    0.0   -99.9
'Borkhar'  2   3  2005  18716.6  0.6   15.8   0.43    3.4    0.0   -99.9
'Borkhar'  3   3  2005  17726.8  0.4   17.3   0.44    1.8    0.0   -99.9
'Borkhar'  4   3  2005  12543.5  0.2   17.5   0.43    1.7    0.0   -99.9
'Borkhar'  5   3  2005  18186.8  3.4   17.5   0.52    4.5    0.0   -99.9
'Borkhar'  6   3  2005  19411.6  0.0   14.6   0.45    3.5    0.0   -99.9
'Borkhar'  7   3  2005   9416.7  1.5   15.2   0.42    2.7    0.0   -99.9
'Borkhar'  8   3  2005  12991.4  2.9   16.5   0.54    2.7    0.0   -99.9
'Borkhar'  9   3  2005  19116.5  3.2   22.0   0.51    2.9    0.0   -99.9
'Borkhar' 10   3  2005   9990.1  6.3   20.3   0.65    3.0    0.0   -99.9
'Borkhar' 11   3  2005  13105.4  7.2   18.4   1.06    2.9    0.8   -99.9
'Borkhar' 12   3  2005  13439.8  7.6   18.6   1.06    2.3    2.1   -99.9
'Borkhar' 13   3  2005  14416.8  8.0   19.5   0.88    1.5    0.0   -99.9
'Borkhar' 14   3  2005  18490.0  3.8   19.6   0.63    3.2    0.0   -99.9
'Borkhar' 15   3  2005  19364.9  0.6   17.5   0.44    2.1    0.0   -99.9
'Borkhar' 16   3  2005  19596.6  4.0   17.1   0.35    2.4    0.0   -99.9
'Borkhar' 17   3  2005  21001.2  3.8   16.9   0.40    3.4    0.0   -99.9
'Borkhar' 18   3  2005  21892.0  0.8   15.6   0.40    3.7    0.0   -99.9
'Borkhar' 19   3  2005  17928.9  0.4   15.8   0.33    2.5    0.0   -99.9
'Borkhar' 20   3  2005  22634.3  0.0   17.7   0.23    3.0    0.0   -99.9
'Borkhar' 21   3  2005  23139.1  0.2   20.1   0.20    2.4    0.0   -99.9
'Borkhar' 22   3  2005  22317.5  1.7   17.7   0.29    2.8    0.0   -99.9
'Borkhar' 23   3  2005  18422.3  0.0   20.9   0.35    2.9    0.0   -99.9
'Borkhar' 24   3  2005  20918.2  6.8   19.0   0.50    6.1    0.0   -99.9
'Borkhar' 25   3  2005  22356.0 -2.5   17.3   0.27    4.7    0.0   -99.9
'Borkhar' 26   3  2005  22320.2 -3.2   14.6   0.19    4.8    0.0   -99.9
'Borkhar' 27   3  2005  23093.0 -6.5   16.2   0.21    1.3    0.0   -99.9
'Borkhar' 28   3  2005  23868.9 -2.5   19.4   0.30    2.8    0.0   -99.9
'Borkhar' 29   3  2005  23559.7  1.3   20.7   0.28    2.8    0.0   -99.9
'Borkhar' 30   3  2005  23519.4  4.9   21.9   0.35    2.2    0.0   -99.9
'Borkhar' 31   3  2005  14446.4  4.2   18.1   0.71    1.7    0.8   -99.9
'Borkhar'  1   4  2005  23294.8  2.9   25.1   0.52    2.7    0.0   -99.9
'Borkhar'  2   4  2005  22559.2  5.7   26.8   0.57    6.2    0.2   -99.9
'Borkhar'  3   4  2005  22093.5  9.3   25.1   0.83    5.8    0.0   -99.9
'Borkhar'  4   4  2005  24529.3 10.5   23.9   0.35    5.8    0.0   -99.9
'Borkhar'  5   4  2005  23368.8  1.5   18.1   0.19    3.8    0.0   -99.9
'Borkhar'  6   4  2005  23452.2  1.0   15.2   0.34    1.9    0.0   -99.9
'Borkhar'  7   4  2005  23673.6 -0.6   16.0   0.27    3.1    0.0   -99.9
'Borkhar'  8   4  2005  24592.9 -0.6   16.2   0.30    1.9    0.0   -99.9
'Borkhar'  9   4  2005  22292.2  0.0   19.2   0.29    1.9    0.0   -99.9
'Borkhar' 10   4  2005   9166.2  6.5   18.4   0.58    2.3    0.0   -99.9
'Borkhar' 11   4  2005  24127.7  4.6   21.1   0.68    2.3    0.0   -99.9
'Borkhar' 12   4  2005  22792.1  4.6   20.9   0.63    1.9    0.0   -99.9
'Borkhar' 13   4  2005  24558.2  3.2   22.8   0.50    2.3    0.0   -99.9
'Borkhar' 14   4  2005  22081.4  6.1   23.9   0.38    1.5    0.0   -99.9
'Borkhar' 15   4  2005  16188.1  5.7   25.3   0.40    3.5    0.0   -99.9
'Borkhar' 16   4  2005   9560.5 12.0   24.7   0.77    3.8    0.0   -99.9
'Borkhar' 17   4  2005  17147.7 10.5   21.7   0.95    3.8    1.0   -99.9
'Borkhar' 18   4  2005  25615.9  3.8   22.2   0.56    3.1    0.0   -99.9
'Borkhar' 19   4  2005  25395.4  3.4   25.7   0.41    1.9    0.0   -99.9
'Borkhar' 20   4  2005  24027.6  6.5   26.6   0.33    1.9    0.0   -99.9
'Borkhar' 21   4  2005  22080.4  9.7   27.0   0.61    2.7    0.0   -99.9
'Borkhar' 22   4  2005  26010.7 10.6   28.5   0.73    1.9    0.0   -99.9
'Borkhar' 23   4  2005  24919.7 11.8   29.8   0.61    1.9    0.0   -99.9
'Borkhar' 24   4  2005  26270.9 11.8   30.8   0.49    1.9    0.0   -99.9
'Borkhar' 25   4  2005  25173.9  9.9   30.8   0.51    2.3    0.0   -99.9
'Borkhar' 26   4  2005  20465.1 15.8   30.0   0.89    3.8    1.1   -99.9
'Borkhar' 27   4  2005  24700.3 14.1   25.1   0.95    4.6    0.0   -99.9
'Borkhar' 28   4  2005  26340.3  8.0   26.0   0.48    3.1    0.0   -99.9
'Borkhar' 29   4  2005  13649.4  8.6   23.8   0.43    3.5    0.0   -99.9
'Borkhar' 30   4  2005  17742.3 10.1   23.4   0.92    3.5    0.7   -99.9
'Borkhar'  1   5  2005  20536.5  6.8   23.4   0.83    3.8    0.0   -99.9
'Borkhar'  2   5  2005  26238.6  7.6   25.1   0.68    2.7    0.0   -99.9
'Borkhar'  3   5  2005 19597.1   8.7   26.0    0.6    3.8    0.0   -99.9
'Borkhar'  4   5  2005 26032.6   5.5   24.3    0.4    4.6    0.0   -99.9
'Borkhar'  5   5  2005 22434.0   6.5   24.1    0.3    3.8    0.0   -99.9
'Borkhar'  6   5  2005 26694.1   7.6   19.6    0.3    4.6    0.0   -99.9
'Borkhar'  7   5  2005 28918.1   6.3   21.9    0.4    2.7    0.0   -99.9
'Borkhar'  8   5  2005 27934.9   3.0   24.7    0.4    3.1    0.0   -99.9
'Borkhar'  9   5  2005 27824.7   7.6   27.9    0.4    3.1    0.0   -99.9
'Borkhar' 10   5  2005 27128.9  11.4   27.0    0.5    3.1    0.0   -99.9
'Borkhar' 11   5  2005 25262.3  11.4   27.4    0.6    2.7    0.0   -99.9
'Borkhar' 12   5  2005 27923.5  10.6   27.9    0.7    1.9    0.0   -99.9
'Borkhar' 13   5  2005 23713.4  11.8   29.8    0.7    2.7    0.0   -99.9
'Borkhar' 14   5  2005 19206.1  11.4   27.1    0.8    3.8    0.0   -99.9
'Borkhar' 15   5  2005 26693.7   7.4   27.7    0.7    2.3    0.0   -99.9
'Borkhar' 16   5  2005 25548.8  10.5   28.9    0.6    3.1    0.0   -99.9
'Borkhar' 17   5  2005 24694.9  10.5   28.7    0.5    2.7    0.0   -99.9
'Borkhar' 18   5  2005 18566.4  12.7   27.9    0.7    3.8    0.0   -99.9
'Borkhar' 19   5  2005 23128.9  10.5   29.3    0.7    3.1    0.0   -99.9
'Borkhar' 20   5  2005 24175.6  14.3   27.9    0.6    3.1    0.0   -99.9
'Borkhar' 21   5  2005 22583.4  10.8   25.7    0.6    3.1    0.0   -99.9
'Borkhar' 22   5  2005 26707.1   9.9   25.3    0.7    3.1    0.0   -99.9
'Borkhar' 23   5  2005 22180.4   9.7   27.4    0.8    5.0    0.2   -99.9
'Borkhar' 24   5  2005 20437.8  10.5   24.9    0.9    3.1    0.0   -99.9
'Borkhar' 25   5  2005 19573.8  10.3   25.7    0.9    3.1    0.0   -99.9
'Borkhar' 26   5  2005 21202.3  12.2   26.4    1.1    4.6    0.8   -99.9
'Borkhar' 27   5  2005 28991.0   9.1   27.7    0.8    1.9    0.0   -99.9
'Borkhar' 28   5  2005 28565.1  11.4   29.8    0.6    2.7    0.0   -99.9
'Borkhar' 29   5  2005 27844.8  13.3   30.4    0.6    2.7    0.0   -99.9
'Borkhar' 30   5  2005 26830.1  12.2   28.7    0.5    2.7    0.0   -99.9
'Borkhar' 31   5  2005 26401.5  11.6   28.5    0.6    2.3    0.0   -99.9
'Borkhar'  1   6  2005 29052.9  12.5   28.5    0.5    2.7    0.0   -99.9
'Borkhar'  2   6  2005 28622.6  12.4   28.5    0.4    3.1    0.0   -99.9
'Borkhar'  3   6  2005 26431.1  12.0   28.7    0.5    2.3    0.0   -99.9
'Borkhar'  4   6  2005 28786.6  12.5   30.0    0.4    2.7    0.0   -99.9
'Borkhar'  5   6  2005 28207.4  12.7   31.7    0.4    1.5    0.0   -99.9
'Borkhar'  6   6  2005 28654.3  11.4   34.0    0.3    3.1    0.0   -99.9
'Borkhar'  7   6  2005 29247.1  12.4   34.0    0.3    3.1    0.0   -99.9
'Borkhar'  8   6  2005 29545.8  12.0   32.1    0.4    2.3    0.0   -99.9
'Borkhar'  9   6  2005 28377.2  14.8   29.3    0.6    2.7    0.0   -99.9
'Borkhar' 10   6  2005 29261.2  14.3   28.7    0.7    3.8    0.0   -99.9
'Borkhar' 11   6  2005 29117.9  12.2   29.1    0.5    1.9    0.0   -99.9
'Borkhar' 12   6  2005 28973.9  12.9   30.6    0.5    3.1    0.0   -99.9
'Borkhar' 13   6  2005 29269.3  12.7   31.7    0.5    1.9    0.0   -99.9
'Borkhar' 14   6  2005 25605.7  11.6   33.4    0.4    2.7    0.2   -99.9
'Borkhar' 15   6  2005 28685.2  17.1   34.0    0.4    2.3    0.0   -99.9
'Borkhar' 16   6  2005 29418.3  13.3   33.6    0.5    2.7    0.0   -99.9
'Borkhar' 17   6  2005 29124.8  13.5   34.5    0.5    2.3    0.0   -99.9
'Borkhar' 18   6  2005 28391.1  16.0   35.3    0.4    1.5    0.0   -99.9
'Borkhar' 19   6  2005 28389.6  15.4   35.9    0.5    2.7    0.0   -99.9
'Borkhar' 20   6  2005 28827.0  17.1   35.9    0.6    1.9    0.0   -99.9
'Borkhar' 21   6  2005 29410.3  16.9   36.3    0.3    2.7    0.0   -99.9
'Borkhar' 22   6  2005 29114.0  15.8   38.4    0.5    3.8    0.0   -99.9
'Borkhar' 23   6  2005 29256.6  15.2   38.4    0.5    1.9    0.0   -99.9
'Borkhar' 24   6  2005 27934.0  17.5   37.4    0.8    2.7    0.0   -99.9
'Borkhar' 25   6  2005 28075.5  18.4   38.0    1.0    1.9    0.0   -99.9
'Borkhar' 26   6  2005 28509.3  19.2   36.7    0.8    2.3    0.0   -99.9
'Borkhar' 27   6  2005 28356.7  17.9   35.2    0.6    3.1    0.0   -99.9
'Borkhar' 28   6  2005 28203.6  18.1   33.6    0.8    2.7    0.0   -99.9
'Borkhar' 29   6  2005 28781.7  16.5   34.4    0.9    2.3    0.0   -99.9
'Borkhar' 30   6  2005 29066.5  16.5   36.1    0.8    1.5    0.0   -99.9
'Borkhar'  1   7  2005 28472.5  17.1   36.5    0.8    3.1    0.0   -99.9
'Borkhar'  2   7  2005 27731.8  18.6   35.9    0.7    2.3    0.0   -99.9
'Borkhar'  3   7  2005 27868.3  17.1   36.7    0.8    1.9    0.0   -99.9
'Borkhar'  4   7  2005 28004.2  18.4   36.7    0.9    2.3    0.0   -99.9
'Borkhar'  5   7  2005 28578.2  18.4   37.6    1.0    1.9    0.0   -99.9
'Borkhar'  6   7  2005 27542.8  17.9   37.8    0.9    2.7    0.0   -99.9
'Borkhar'  7   7  2005 26653.3  20.1   37.6    0.7    3.1    0.0   -99.9
'Borkhar'  8   7  2005 26055.7  19.8   38.4    1.0    2.7    0.0   -99.9
'Borkhar'  9   7  2005 23996.0  20.5   38.4    1.0    2.7    0.0   -99.9
'Borkhar' 10   7  2005 24274.5  19.6   38.2    0.9    2.7    0.0   -99.9
'Borkhar' 11   7  2005 26013.2  20.0   37.4    1.1    1.9    0.0   -99.9
'Borkhar' 12   7  2005 25851.6  19.4   38.0    0.9    0.8    0.0   -99.9
'Borkhar' 13   7  2005 25397.1  19.6   38.4    0.9    2.3    0.0   -99.9
'Borkhar' 14   7  2005 22897.9  23.2   38.8    1.0    1.9    0.0   -99.9
'Borkhar' 15   7  2005 20107.2  25.1   39.7    1.1    1.9    0.0   -99.9
'Borkhar' 16   7  2005 23446.6  21.7   39.3    1.1    2.7    0.0   -99.9
'Borkhar' 17   7  2005 26929.5  20.3   39.0    1.0    2.3    0.0   -99.9
'Borkhar' 18   7  2005 27638.2  19.0   39.0    1.0    1.9    0.0   -99.9
'Borkhar' 19   7  2005 26741.5  20.3   38.8    1.0    3.1    0.0   -99.9
'Borkhar' 20   7  2005 22200.2  24.7   37.2    1.0    3.1    0.0   -99.9
'Borkhar' 21   7  2005 26258.8  20.0   35.9    1.1    1.9    0.0   -99.9
'Borkhar' 22   7  2005 28274.2  18.2   35.9    1.1    3.8    0.0   -99.9
'Borkhar' 23   7  2005 24316.7  20.3   35.3    1.2    2.7    0.0   -99.9
'Borkhar' 24   7  2005 20798.1  22.0   35.2    1.1    3.1    0.0   -99.9
'Borkhar' 25   7  2005 26593.4  17.1   35.0    1.2    2.3    0.0   -99.9
'Borkhar' 26   7  2005 28601.3  16.9   35.0    0.9    2.7    0.0   -99.9
'Borkhar' 27   7  2005 28425.8  15.6   32.9    0.9    2.7    0.0   -99.9
'Borkhar' 28   7  2005 28685.2  14.3   32.5    0.8    2.7    0.0   -99.9
'Borkhar' 29   7  2005 28217.1  14.6   32.5    1.0    2.7    0.0   -99.9
'Borkhar' 30   7  2005 28183.7  15.2   33.4    1.0    1.5    0.0   -99.9
'Borkhar' 31   7  2005 27859.0  14.8   34.0    0.9    1.9    0.0   -99.9
'Borkhar'  1   8  2005 25504.2  17.5   35.5    0.9    2.7    0.0   -99.9
'Borkhar'  2   8  2005 25613.7  18.1   35.9    1.0    2.3    0.0   -99.9
'Borkhar'  3   8  2005 27459.0  17.9   37.1    1.0    2.7    0.0   -99.9
'Borkhar'  4   8  2005 26407.3  20.9   37.6    1.0    1.5    0.0   -99.9
'Borkhar'  5   8  2005 27379.4  18.2   38.4    1.0    2.7    0.0   -99.9
'Borkhar'  6   8  2005 26615.6  18.1   37.2    0.9    1.9    0.0   -99.9
'Borkhar'  7   8  2005 27294.6  17.1   37.2    0.8    1.9    0.0   -99.9
'Borkhar'  8   8  2005 26961.9  19.2   38.0    0.5    2.3    0.0   -99.9
'Borkhar'  9   8  2005 25476.1  19.0   38.2    0.7    2.7    0.0   -99.9
'Borkhar' 10   8  2005 22840.6  19.0   35.5    1.1    5.8    0.0   -99.9
'Borkhar' 11   8  2005 23227.7  17.7   35.0    1.2    2.3    0.0   -99.9
'Borkhar' 12   8  2005 23469.1  18.2   34.0    0.9    2.7    0.0   -99.9
'Borkhar' 13   8  2005 23851.9  20.7   33.1    1.0    2.3    0.0   -99.9
'Borkhar' 14   8  2005 22943.2  18.8   32.7    1.1    4.6    0.0   -99.9
'Borkhar' 15   8  2005 24324.5  19.2   32.5    1.2    2.3    0.3   -99.9
'Borkhar' 16   8  2005 25558.0  18.2   32.9    0.9    1.5    0.0   -99.9
'Borkhar' 17   8  2005 26358.6  14.3   32.5    0.6    1.9    0.0   -99.9
'Borkhar' 18   8  2005 25730.2  12.4   32.5    0.4    1.2    0.0   -99.9
'Borkhar' 19   8  2005 26098.1  12.9   33.6    0.5    2.3    0.0   -99.9
'Borkhar' 20   8  2005 26605.3  13.7   33.6    0.5    1.9    0.0   -99.9
'Borkhar' 21   8  2005 26116.1  15.0   34.2    0.5    1.9    0.0   -99.9
'Borkhar' 22   8  2005 25768.4  11.4   35.5    0.4    1.9    0.0   -99.9
'Borkhar' 23   8  2005 25561.5  14.8   35.9    0.5    2.3    0.0   -99.9
'Borkhar' 24   8  2005 24506.5  15.2   36.1    0.6    2.7    0.0   -99.9
'Borkhar' 25   8  2005 25144.5  15.4   34.4    0.7    2.3    0.0   -99.9
'Borkhar' 26   8  2005 25497.0  16.3   35.0    0.7    2.7    0.0   -99.9
'Borkhar' 27   8  2005 25004.2  16.2   35.2    0.7    1.9    0.0   -99.9
'Borkhar' 28   8  2005 24091.1  16.3   34.4    1.1    2.3    0.0   -99.9
'Borkhar' 29   8  2005 25137.3  14.1   35.0    0.9    1.9    0.0   -99.9
'Borkhar' 30   8  2005 25061.2  14.3   32.5    0.9    3.8    0.0   -99.9
'Borkhar' 31   8  2005 23313.1  13.3   30.6    0.9    3.8    0.0   -99.9
'Borkhar'  1   9  2005 24348.8  13.3   30.6    0.9    1.9    0.0   -99.9
'Borkhar'  2   9  2005 23992.2  12.0   32.3    0.9    2.7    0.0   -99.9
'Borkhar'  3   9  2005 24188.4  13.7   33.6    0.8    1.5    0.0   -99.9
'Borkhar'  4   9  2005 23968.0  14.3   34.0    0.7    1.9    0.0   -99.9
'Borkhar'  5   9  2005 23884.4  12.9   34.6    0.7    1.9    0.0   -99.9
'Borkhar'  6   9  2005 23662.2  16.2   34.8    0.6    1.9    0.0   -99.9
'Borkhar'  7   9  2005 23165.6  12.9   33.3    0.7    1.9    0.0   -99.9
'Borkhar'  8   9  2005 23215.6  14.3   33.8    0.8    1.2    0.0   -99.9
'Borkhar'  9   9  2005 22719.2  12.9   34.4    0.8    2.7    0.0   -99.9
'Borkhar' 10   9  2005 22495.1  13.7   33.8    0.7    1.9    0.0   -99.9
'Borkhar' 11   9  2005 22270.5  13.7   33.3    0.6    1.9    0.0   -99.9
'Borkhar' 12   9  2005 22584.9  13.9   33.8    0.6    2.3    0.0   -99.9
'Borkhar' 13   9  2005 22761.1  12.7   33.6    0.6    1.5    0.0   -99.9
'Borkhar' 14   9  2005 22666.3  12.9   34.0    0.6    2.3    0.0   -99.9
'Borkhar' 15   9  2005 22837.4  13.7   32.1    0.4    1.9    0.0   -99.9
'Borkhar' 16   9  2005 22472.8  11.0   31.7    0.6    1.9    0.0   -99.9
'Borkhar' 17   9  2005 22241.5  12.4   32.3    0.5    1.9    0.0   -99.9
'Borkhar' 18   9  2005 21480.9  12.4   33.3    0.6    1.2    0.0   -99.9
'Borkhar' 19   9  2005 21646.4  12.7   30.2    0.4    2.7    0.0   -99.9
'Borkhar' 20   9  2005 21020.9  12.4   30.8    0.7    2.7    0.0   -99.9
'Borkhar' 21   9  2005 21314.2  10.8   30.6    0.5    1.9    0.0   -99.9
'Borkhar' 22   9  2005 20821.4  10.8   31.2    0.5    1.9    0.0   -99.9
'Borkhar' 23   9  2005 20070.8  12.9   31.4    0.5    1.2    0.0   -99.9
'Borkhar' 24   9  2005 21006.1  13.5   31.5    0.4    1.9    0.0   -99.9
'Borkhar' 25   9  2005 20643.8  12.5   31.7    0.5    3.1    0.0   -99.9
'Borkhar' 26   9  2005 19512.6  12.7   31.7    0.6    2.3    0.0   -99.9
'Borkhar' 27   9  2005 20817.6  12.0   30.6    0.4    2.7    0.0   -99.9
'Borkhar' 28   9  2005 20455.4  10.1   30.0    0.6    1.9    0.0   -99.9
'Borkhar' 29   9  2005 20474.8   8.6   28.7    0.4    1.5    0.0   -99.9
'Borkhar' 30   9  2005 20240.1   6.3   28.9    0.4    3.8    0.0   -99.9
'Borkhar'  1   10 2005 20508.5   6.7   26.2    0.4    1.9    0.0   -99.9
'Borkhar'  2   10 2005 20147.3   9.1   27.4    0.5    1.9    0.0   -99.9
'Borkhar'  3   10 2005 19414.1   9.7   27.4    0.6    1.5    0.0   -99.9
'Borkhar'  4   10 2005 19554.0   6.7   27.0    0.6    1.9    0.0   -99.9
'Borkhar'  5   10 2005 19814.7   8.7   27.0    0.3    2.3    0.0   -99.9
'Borkhar'  6   10 2005 18719.8   9.5   26.8    0.5    1.9    0.0   -99.9
'Borkhar'  7   10 2005 16777.4   9.3   26.8    0.6    1.9    0.0   -99.9
'Borkhar'  8   10 2005 18139.1   8.2   28.1    0.6    1.9    0.0   -99.9
'Borkhar'  9   10 2005 18517.4   8.6   28.3    0.5    2.3    0.0   -99.9
'Borkhar' 10   10 2005 18649.7   9.5   27.9    0.5    2.3    0.0   -99.9
'Borkhar' 11   10 2005 18419.5   8.6   27.7    0.5    1.9    0.0   -99.9
'Borkhar' 12   10 2005 18429.2   6.7   27.0    0.5    1.5    0.0   -99.9
'Borkhar' 13   10 2005 18081.2   6.3   27.2    0.5    1.9    0.0   -99.9
'Borkhar' 14   10 2005 17735.6   7.0   27.0    0.5    1.5    0.0   -99.9
'Borkhar' 15   10 2005 17745.4   7.0   26.6    0.4    1.2    0.0   -99.9
'Borkhar' 16   10 2005 17402.9   7.0   26.4    0.5    1.2    0.0   -99.9
'Borkhar' 17   10 2005 16946.5   7.2   26.2    0.5    1.5    0.0   -99.9
'Borkhar' 18   10 2005 17189.1   5.7   26.4    0.4    1.9    0.0   -99.9
'Borkhar' 19   10 2005 16736.8   8.7   25.7    0.4    2.3    0.0   -99.9
'Borkhar' 20   10 2005 16403.1   4.9   25.8    0.3    3.8    0.0   -99.9
'Borkhar' 21   10 2005 16300.3   6.7   25.1    0.4    3.5    0.0   -99.9
'Borkhar' 22   10 2005 15403.4   6.1   24.3    0.5    3.8    0.0   -99.9
'Borkhar' 23   10 2005 16660.5   6.1   24.3    0.5    1.9    0.0   -99.9
'Borkhar' 24   10 2005 16219.3   6.1   24.3    0.5    2.3    0.0   -99.9
'Borkhar' 25   10 2005 15894.0   6.1   24.3    0.5    3.8    0.0   -99.9
'Borkhar' 26   10 2005 15793.9   6.1   24.3    0.5    3.5    0.0   -99.9
'Borkhar' 27   10 2005 14920.6   4.9   24.3    0.4    3.8    0.0   -99.9
'Borkhar' 28   10 2005 16145.8   4.9   24.3    0.4    1.9    0.0   -99.9
'Borkhar' 29   10 2005 15716.8   4.9   24.3    0.4    2.3    0.0   -99.9
'Borkhar' 30   10 2005 15401.1   4.9   24.3    0.4    3.8    0.0   -99.9
'Borkhar' 31   10 2005 15305.0   4.9   24.3    0.4    3.5    0.0   -99.9
