8.497
6.625
7.226
6.855
6.655
6.115
6.545
6.595
5.895
6.115
5.835
5.694
5.805
6.005
5.154
5.835
5.324
5.294
5.214
4.874
5.264
5.434
5.754
5.124
4.844
4.504
4.734
4.674
4.363
7.676
6.655
6.545
6.145
6.235
6.715
8.727
62.949
61.548
64.35
62.648
67.752
63.949
65.751
65.651
64.85
63.449
59.146
57.144
58.845
61.447
62.448
62.148
62.048
56.344
60.947
63.749
64.55
63.349
58.245
54.142
48.938
31.925
28.122
28.222
27.922
27.121
27.221
25.42
29.123
30.123
28.622
24.819
21.817
20.015
20.116
20.816
20.816
19.815
18.915
18.314
18.414
17.714
16.413
16.313
20.116
29.723
26.821
23.918
32.525
42.032
59.246
27.922
27.121
32.825
40.731
35.127
33.726
33.126
27.221
26.22
27.021
26.42
32.425
28.422
23.318
24.519
24.519
24.519
30.223
30.524
22.317
21.517
20.216
20.216
20.216
20.015
18.214
18.214
17.814
20.316
22.217
19.215
28.122
36.528
23.418
21.116
20.216
16.313
17.113
17.514
18.014
16.613
15.312
19.015
31.324
19.515
17.714
18.314
14.912
15.412
16.213
16.112
14.611
13.711
13.51
12.41
12.41
12.31
11.909
11.809
11.509
12.109
11.909
11.909
12.109
15.512
21.717
35.427
33.726
38.83
61.648
58.946
32.725
22.517
22.617
21.116
20.416
19.015
18.714
18.714
17.814
16.913
16.613
15.712
15.712
15.712
15.712
15.012
13.41
13.21
13.21
16.213
23.118
14.912
15.212
14.912
13.611
17.814
21.517
27.922
30.023
22.317
16.213
16.913
14.411
13.811
14.411
14.011
11.809
12.109
11.909
11.709
11.509
11.909
12.009
8.246
9.327
10.808
7.626
10.308
10.308
9.097
8.367
12.31
22.117
31.024
46.836
43.434
40.431
23.818
19.415
16.413
15.412
14.611
12.41
13.11
12.61
12.109
12.209
12.209
13.01
22.317
13.01
9.217
11.009
11.209
11.009
9.848
10.208
12.209
9.277
9.277
9.277
9.277
8.997
8.767
7.976
7.126
8.487
8.286
7.546
8.937
8.116
7.156
6.675
7.266
9.848
10.208
6.755
6.135
6.505
6.105
5.845
5.704
5.704
5.905
4.744
4.774
4.634
4.664
4.093
3.132
3.723
3.973
3.973
3.603
3.893
3.773
3.062
2.552
3.183
2.982
3.293
2.872
3.042
3.383
3.233
2.872
2.872
2.872
2.552
2.872
2.782
2.412
2.502
2.552
2.442
2.192
2.242
2.242
2.132
2.702
2.532
2.752
2.212
2.532
2.532
3.293
3.293
4.173
4.624
3.353
4.393
6.015
4.794
2.722
3.233
2.722
2.872
3.863
4.884
3.913
5.845
4.484
3.383
2.892
2.812
2.812
2.812
2.812
2.722
2.382
2.072
2.412
2.752
2.882
3.193
2.542
2.712
2.232
2.402
2.512
3.132
2.422
2.482
2.792
2.822
2.822
2.822
2.542
2.742
2.402
2.402
2.402
2.402
2.482
3.162
2.142
2.172
2.372
2.342
2.402
2.402
2.712
2.932
2.752
2.892
4.534
3.853
4.023
3.913
3.883
3.943
3.453
3.653
3.313
2.972
6.125
4.253
5.584
2.722
3.943
4.283
4.113
9.838
4.393
4.193
4.423
5.184
5.644
6.315
4.253
8.246
13.11
9.327
5.304
7.536
11.809
8.557
9.798
7.196
7.936
7.676
6.515
6.515
6.595
6.485
5.945
5.775
5.524
5.975
6.435
6.175
5.975
5.975
14.811
25.72
36.728
46.836
34.827
15.512
15.312
24.519
44.634
44.334
31.624
27.621
21.116
20.116
19.015
16.513
15.012
14.511
13.51
16.513
41.132
56.344
44.835
32.925
32.125
24.719
27.021
46.136
38.33
43.033
54.542
65.15
62.949
59.146
43.133
34.727
36.228
32.025
29.823
33.326
32.025
30.524
36.428
33.126
27.421
24.619
23.818
33.126
40.131
27.421
26.12
25.22
23.518
21.617
20.716
20.916
20.116
19.015
19.015
17.814
16.613
16.613
15.512
16.012
15.412
14.111
14.611
13.611
13.711
13.21
12.209
12.109
13.811
14.011
12.31
11.609
11.209
12.209
12.31
12.61
12.61
13.911
33.226
40.331
24.219
19.515
18.414
17.814
16.112
17.413
20.116
19.715
20.116
17.914
17.113
16.213
15.912
15.212
14.311
13.01
13.611
13.11
13.01
12.91
12.009
12.009
11.709
11.609
10.108
10.508
11.109
11.109
11.109
11.009
10.408
10.408
10.008
8.126
9.347
9.938
9.237
9.207
9.207
8.607
8.066
8.607
7.926
7.956
8.126
8.096
11.909
12.61
8.336
10.108
18.414
12.61
11.809
14.011
10.608
10.408
10.308
9.017
8.907
9.818
10.808
9.187
9.137
8.487
8.567
8.537
8.457
8.026
8.026
7.776
7.176
7.146
7.146
7.266
7.266
7.806
7.946
8.827
12.009
7.206
7.005
7.146
6.635
6.385
6.555
5.965
5.985
5.985
5.875
5.674
4.884
5.224
6.155
6.585
6.585
6.525
8.567
7.716
7.096
6.295
5.985
6.495
6.045
4.143
4.484
3.923
4.654
4.574
4.033
4.153
4.664
4.664
4.664
4.664
3.613
3.783
4.033
3.923
3.583
3.383
3.493
3.473
3.643
3.893
3.923
4.033
3.783
4.003
3.473
3.473
3.583
4.033
3.923
3.473
3.183
3.893
3.613
3.643
3.413
2.782
2.472
2.422
2.302
2.762
2.022
2.082
1.401
0.944
0.944
1.061
1.621
2.672
2.732
2.302
2.592
2.872
2.872
2.782
2.442
5.284
2.272
2.162
1.932
1.932
1.932
1.932
1.932
1.932
1.932
1.932
2.572
2.822
2.342
1.611
1.922
1.551
1.861
1.952
1.952
1.952
1.831
1.121
1.291
1.751
2.402
1.551
1.521
1.611
1.551
2.402
2.432
2.432
3.253
5.775
7.336
5.344
2.372
2.742
2.512
4.784
4.754
3.793
2.832
2.522
2.432
2.742
3.313
3.483
3.623
3.593
2.912
3.233
1.952
1.952
1.922
2.182
3.343
3.793
1.781
1.381
1.381
2.232
5.184
9.657
4.564
3.853
3.933
3.763
2.292
3.883
3.373
3.383
3.383
3.443
3.893
3.353
3.353
3.383
3.383
3.723
3.383
3.383
3.523
6.785
7.236
5.054
5.484
6.695
6.645
6.755
3.723
5.995
4.544
5.504
6.075
8.026
12.209
10.608
18.714
11.109
10.308
7.746
20.316
31.324
27.421
14.912
15.012
12.009
11.709
12.109
14.811
19.315
15.612
13.11
12.81
12.61
12.51
11.309
11.509
11.409
11.109
10.308
10.308
9.818
9.788
9.788
9.818
10.308
9.788
9.788
9.788
9.727
9.517
7.076
7.646
9.147
8.977
8.667
8.977
8.467
8.437
8.096
8.046
7.876
8.156
8.697
9.968
10.908
9.147
9.037
8.046
7.876
7.196
7.306
7.306
7.306
7.276
7.276
6.885
6.715
7.025
6.825
7.756
10.208
7.796
7.256
6.835
7.316
7.176
6.695
5.184
6.125
6.665
7.566
7.486
9.047
24.119
10.308
10.808
7.736
7.516
7.966
8.537
9.017
28.022
28.122
12.31
11.109
11.509
11.109
7.456
12.61
11.109
8.677
8.096
12.109
12.91
12.209
12.109
11.809
14.311
16.213
11.909
25.52
41.132
22.217
30.323
27.021
19.415
15.812
17.514
36.628
51.039
50.839
35.427
29.022
28.322
25.32
24.319
28.222
31.524
30.023
22.317
21.917
25.119
30.824
22.918
18.614
30.724
39.43
25.019
24.719
25.82
20.716
20.916
20.916
20.916
18.314
16.313
17.914
17.714
28.722
22.017
20.816
20.416
17.113
15.412
15.212
13.711
14.811
14.111
15.612
28.222
35.027
32.125
27.621
19.915
18.614
14.912
15.212
13.811
13.811
13.11
12.209
12.51
11.409
11.909
11.809
11.009
10.408
11.809
11.809
11.209
10.408
10.408
10.208
11.809
9.267
9.948
9.948
9.727
8.076
8.557
8.927
10.208
10.708
10.708
11.509
9.918
6.885
9.407
7.996
7.966
8.416
8.216
7.086
7.766
7.346
7.346
5.895
4.854
6.915
6.635
6.015
6.015
6.015
6.015
6.495
5.815
3.683
6.295
6.605
5.815
5.785
4.063
4.664
4.664
4.604
4.774
13.31
23.518
25.22
22.718
18.514
16.613
16.913
35.227
37.129
38.63
34.427
17.514
15.012
14.311
14.912
14.311
11.509
12.51
11.909
11.909
11.909
11.209
11.109
10.708
10.108
9.237
8.867
8.697
9.067
8.617
8.126
8.016
8.326
7.936
7.936
7.936
7.616
5.895
6.715
6.005
6.005
6.745
7.396
6.915
6.035
5.184
4.413
5.324
5.494
5.975
8.527
7.055
5.154
5.354
5.214
4.784
4.764
4.684
4.513
4.904
7.996
5.895
5.674
5.644
4.854
10.608
5.504
5.414
6.525
7.766
6.375
7.005
8.587
7.206
7.316
5.925
7.005
9.237
8.136
7.686
5.134
5.694
5.694
5.334
4.824
4.283
4.283
4.303
4.303
4.303
4.303
4.303
4.243
4.443
4.413
4.163
4.754
5.094
6.005
5.754
5.694
6.715
5.895
5.324
5.264
4.784
4.784
4.754
4.754
4.754
5.124
10.708
8.897
6.095
6.265
6.575
6.145
6.185
6.185
6.185
6.525
6.185
6.945
7.686
7.346
6.755
6.725
6.895
6.725
6.695
6.185
6.185
6.185
6.185
6.695
6.725
6.585
6.185
6.835
8.937
11.509
19.915
12.209
12.61
15.212
13.21
15.312
15.112
23.018
18.414
16.112
14.111
14.711
20.516
29.623
35.327
35.127
34.527
39.931
40.031
41.032
36.228
26.52
27.221
23.318
23.918
23.018
22.117
22.718
23.318
41.132
44.234
44.034
63.049
68.353
72.956
78.561
79.762
78.561
77.46
72.856
68.353
62.448
59.346
58.745
60.547
67.852
74.057
77.46
75.158
70.054
66.952
64.25
60.247
59.646
53.541
53.742
38.129
31.024
34.126
30.123
28.522
26.921
25.52
24.019
23.218
21.817
21.817
20.716
20.216
19.115
18.414
18.414
18.414
21.517
37.929
27.121
21.617
21.016
40.731
45.835
21.717
21.817
21.016
56.844
64.65
63.649
47.437
26.02
29.923
39.831
36.228
29.823
28.222
26.721
26.22
25.119
24.819
23.818
22.017
21.917
21.917
21.417
23.218
36.728
27.221
30.724
36.428
26.22
24.319
21.817
21.016
20.916
19.315
21.216
22.918
19.515
19.115
17.013
15.312
15.712
15.412
15.212
15.912
15.912
15.312
14.211
14.711
15.012
13.911
13.811
13.41
13.611
13.611
13.611
12.91
12.81
11.409
11.009
11.909
11.509
10.908
11.209
11.209
11.009
10.308
9.968
10.408
9.858
9.968
10.608
15.512
16.313
36.828
30.323
16.313
17.213
13.41
11.709
12.61
12.81
12.81
12.81
12.61
12.109
12.51
12.71
12.51
11.309
11.109
11.109
10.908
10.408
10.308
9.537
9.998
9.798
9.227
9.227
9.147
8.777
9.027
8.467
8.066
8.377
8.066
7.015
7.476
7.986
8.006
8.006
7.866
7.326
7.015
7.326
7.836
8.026
7.296
6.845
6.755
6.275
5.334
6.105
6.505
6.275
18.314
35.527
17.614
12.71
14.311
11.209
10.708
10.108
9.898
10.308
18.714
31.624
24.719
24.319
13.911
12.009
10.608
11.809
34.627
45.535
26.02
25.119
33.326
35.027
22.718
17.714
22.617
29.723
24.519
23.718
22.217
21.216
20.416
20.416
21.116
18.714
18.214
17.514
17.413
16.613
17.413
14.411
12.009
12.109
11.909
11.709
10.708
11.109
10.508
10.508
8.937
9.357
9.327
9.247
8.196
8.056
7.776
7.346
7.376
7.376
7.126
6.615
6.615
6.385
6.215
6.215
5.254
4.994
5.284
5.024
5.394
4.964
4.744
3.553
3.923
4.003
3.873
3.963
3.763
3.903
3.763
3.423
3.423
3.303
3.082
3.763
3.423
3.423
3.283
2.912
2.912
2.912
2.912
2.912
2.372
2.742
2.432
1.972
1.972
2.482
1.972
1.972
1.972
1.972
1.972
1.972
1.972
1.972
1.972
1.972
1.972
1.972
2.222
2.222
1.972
1.972
1.972
1.972
1.972
1.972
1.972
1.972
1.942
1.972
1.972
1.571
1.431
1.461
1.541
1.771
1.821
1.821
1.201
1.431
1.431
1.431
1.431
1.431
1.431
1.121
1.091
1.171
1.631
1.882
1.992
1.851
1.431
1.401
1.681
1.431
1.431
1.431
1.431
1.431
1.341
1.511
2.642
4.063
2.282
0.918
1.431
1.171
1.431
1.431
1.431
1.431
1.341
1.121
1.431
1.431
1.431
1.541
2.112
2.562
3.072
2.762
5.004
3.843
4.093
4.323
2.482
2.312
2.452
2.702
0.808
1.431
1.431
1.601
1.972
1.972
1.972
1.972
1.972
1.972
1.972
1.461
1.601
1.972
1.952
1.631
1.952
1.892
1.411
1.411
1.411
1.411
1.411
1.411
2.142
4.103
4.133
5.654
8.517
6.285
6.225
4.584
3.793
4.013
5.004
7.956
7.896
10.208
8.977
9.147
11.709
10.308
9.027
11.509
14.211
11.009
10.508
9.788
9.047
9.067
8.637
9.037
8.567
8.537
9.888
16.513
16.112
13.41
12.51
19.115
14.311
12.91
12.209
12.109
12.209
12.61
15.712
39.33
47.837
32.725
33.226
38.83
27.421
31.124
39.531
57.645
62.648
51.74
32.525
28.822
29.323
35.027
30.824
26.721
24.419
20.116
21.016
20.116
19.215
19.015
17.213
17.113
15.612
15.512
13.811
13.611
12.61
13.01
11.809
13.611
12.31
11.909
11.909
12.009
12.71
12.109
11.909
11.909
11.709
10.308
9.327
9.948
9.948
9.247
8.597
7.656
8.477
8.256
7.966
7.966
7.966
7.936
7.936
7.936
7.936
7.936
7.936
7.936
7.796
6.775
5.104
6.605
6.095
6.045
6.015
5.995
5.995
5.604
5.544
5.344
5.344
5.344
5.284
4.834
4.834
4.834
4.834
6.195
10.308
15.812
9.477
7.976
6.255
6.615
5.744
6.445
5.344
5.344
5.344
5.454
6.475
7.126
6.845
5.204
5.574
4.984
6.195
4.724
4.584
4.473
3.533
4.323
4.013
3.533
4.323
4.043
4.043
3.903
3.793
4.323
3.503
4.013
3.533
3.843
3.112
3.423
3.132
3.333
3.052
3.022
2.912
3.022
3.193
2.792
2.772
2.232
2.372
2.482
1.461
1.751
2.822
2.772
2.772
2.742
2.572
1.972
1.972
1.972
2.032
2.462
1.972
2.712
3.503
3.393
2.622
1.972
1.892
1.441
1.972
1.972
1.952
1.581
1.691
1.441
1.441
1.441
1.431
1.431
1.431
1.431
1.431
1.431
1.371
1.181
1.431
1.371
1.351
1.371
1.011
1.431
1.431
1.431
1.801
1.511
1.541
1.431
1.431
1.431
1.431
0.78
1.011
1.011
1.011
1.011
1.181
1.431
1.431
1.511
2.442
1.932
1.541
1.401
1.401
1.401
1.401
1.401
1.401
1.401
1.401
1.651
1.401
1.401
1.401
1.401
1.882
1.882
1.882
1.882
1.651
1.401
1.401
1.401
2.052
3.042
3.213
2.872
2.702
3.213
2.712
3.533
5.014
4.213
5.354
7.076
7.956
6.825
6.715
13.51
9.798
9.087
7.556
8.046
7.786
7.876
7.336
7.336
7.166
6.255
6.425
6.395
7.076
5.835
6.205
6.345
6.375
6.425
7.336
6.285
6.905
15.412
9.818
10.108
8.797
9.768
8.487
8.006
8.006
7.866
7.556
6.705
7.096
6.135
6.225
5.394
6.105
6.905
8.316
6.785
6.565
6.705
6.565
6.165
6.165
6.135
5.514
5.935
4.744
3.363
5.885
3.453
4.754
3.983
3.983
3.983
4.814
4.664
3.983
4.103
4.894
5.514
4.834
4.834
4.664
4.243
4.834
4.614
3.563
4.013
4.013
3.983
3.813
3.393
3.533
3.873
3.593
3.983
3.903
3.423
3.673
3.963
3.533
3.393
3.393
3.843
3.393
3.393
3.363
2.882
3.283
3.533
3.903
3.733
3.933
6.965
21.517
26.02
8.777
7.696
6.335
4.433
5.714
9.878
17.213
18.314
14.111
14.711
23.918
48.838
41.732
42.533
44.534
42.233
32.225
30.624
31.725
42.233
39.631
30.724
29.623
27.721
25.32
23.418
23.818
21.016
20.916
20.015
18.915
18.514
16.413
16.413
17.113
17.413
17.814
18.714
22.818
21.517
24.319
25.52
20.216
27.922
28.322
43.934
43.734
42.233
34.827
41.032
50.739
61.948
64.35
65.551
64.35
63.849
62.648
61.948
62.448
57.845
40.731
40.531
38.33
42.133
38.73
35.427
28.822
26.821
45.535
47.036
38.33
34.427
29.022
25.52
24.219
21.617
22.317
22.017
24.419
29.323
24.819
26.12
35.127
43.434
29.323
25.72
24.619
24.019
22.517
23.518
28.122
23.018
32.325
41.332
25.32
22.517
21.316
20.015
20.416
24.819
27.021
20.416
20.916
18.114
15.912
16.012
15.112
14.611
14.611
13.611
12.41
12.209
12.109
12.41
12.71
12.71
12.61
11.809
11.209
9.778
10.608
10.708
9.928
9.868
10.708
9.898
9.247
8.907
8.647
8.537
7.916
7.916
7.916
7.916
7.726
7.216
6.845
6.615
6.535
5.965
5.965
5.965
8.627
10.208
6.475
7.556
7.466
6.985
7.666
5.454
6.395
5.935
5.935
5.935
4.884
5.204
4.714
3.503
4.604
4.524
3.983
3.983
3.983
3.873
3.443
3.483
3.483
3.343
3.363
3.483
3.483
3.483
3.483
3.483
3.593
3.653
3.483
1.751
3.142
2.512
2.152
2.462
1.922
1.922
1.922
1.922
1.922
1.922
1.922
2.882
1.922
1.861
1.181
1.381
2.342
4.403
3.753
2.612
1.992
2.222
2.762
2.642
1.992
1.992
1.992
1.992
1.992
2.252
2.562
1.591
2.732
2.642
2.162
2.762
2.762
2.762
2.762
2.762
2.762
2.612
1.992
2.252
2.642
1.992
1.992
1.851
1.501
1.952
1.952
1.952
1.902
1.421
1.421
1.611
2.242
3.433
3.343
3.403
9.838
4.333
4.794
3.943
3.203
2.892
2.892
2.862
2.492
1.982
1.952
2.182
2.722
2.612
1.952
1.952
1.952
1.952
1.952
1.972
1.892
1.431
1.521
1.972
2.142
2.742
2.282
2.202
1.972
4.353
5.374
2.742
2.912
2.742
2.172
2.542
2.742
2.002
1.972
1.972
1.972
2.112
4.584
5.514
6.055
7.326
4.433
4.183
4.724
4.003
4.003
4.003
4.003
4.003
4.003
3.883
3.713
4.654
4.003
4.624
4.734
4.003
4.003
4.113
4.193
4.854
5.785
6.235
5.895
4.564
4.824
4.824
4.193
4.003
4.003
4.253
5.985
4.704
7.086
9.217
6.805
8.927
14.711
25.119
33.026
30.624
15.312
16.713
13.31
12.81
12.209
12.009
12.41
11.809
11.309
11.809
11.209
11.209
11.209
10.508
9.387
9.808
10.308
9.467
9.898
8.787
9.187
8.507
7.316
8.557
7.996
7.966
7.626
7.226
6.975
7.996
7.996
8.166
8.707
8.727
14.611
30.323
21.717
28.522
17.614
13.51
12.71
13.51
18.915
15.012
15.712
15.212
20.716
28.222
23.918
18.114
17.413
16.112
15.912
15.212
15.112
15.312
27.021
24.119
21.216
28.122
49.338
39.33
25.42
26.02
31.024
44.234
36.228
23.018
23.118
22.117
22.117
21.817
21.116
20.916
18.915
17.113
17.013
14.811
15.012
14.912
21.517
26.821
27.421
60.847
61.347
34.226
28.122
25.72
24.119
25.019
24.119
23.118
21.216
25.019
35.027
46.536
60.046
60.347
45.435
46.236
38.93
33.026
33.126
29.123
28.622
26.921
26.621
31.324
46.636
57.845
63.949
60.847
61.147
54.442
46.036
37.529
34.527
32.125
29.323
30.123
26.921
26.12
23.818
23.218
22.017
22.017
21.917
19.915
19.015
17.013
16.813
15.712
16.313
15.012
14.912
13.711
13.611
13.41
13.811
14.211
15.712
15.112
21.717
19.415
25.119
14.811
16.213
14.511
13.01
15.412
31.524
16.413
15.612
14.511
12.109
12.109
11.709
11.609
12.009
11.909
11.109
11.109
10.808
10.808
10.808
9.287
9.227
9.938
9.968
9.968
9.968
9.968
9.027
8.407
8.296
7.746
7.466
8.026
7.886
7.546
7.886
8.346
7.526
7.326
7.236
6.675
6.645
6.725
7.015
7.666
7.206
7.376
6.725
5.654
5.254
6.015
5.424
5.394
6.645
7.716
6.245
5.594
4.123
6.335
6.555
7.496
6.165
5.795
26.621
32.425
16.613
10.308
9.938
8.997
8.036
8.036
8.036
8.036
8.116
7.946
6.705
7.746
10.208
7.236
6.735
6.735
6.735
6.905
8.346
7.356
7.356
7.356
7.746
9.227
8.627
8.627
9.257
11.109
11.109
11.009
9.798
7.106
7.616
8.066
7.986
7.166
5.374
5.404
5.404
5.404
5.344
5.714
6.845
5.654
5.294
4.834
5.294
5.094
4.834
4.834
4.814
4.494
5.995
6.055
5.544
4.834
4.834
2.942
2.862
3.373
3.593
3.883
3.373
3.373
3.543
3.963
3.963
3.903
3.593
4.273
4.704
3.593
3.763
3.203
3.793
5.524
6.595
5.214
6.655
13.41
9.577
8.697
7.566
5.494
4.984
5.154
3.623
4.133
4.834
4.724
4.133
4.323
4.784
3.763
4.834
4.834
5.324
4.834
4.834
4.013
3.983
3.983
4.153
4.834
4.834
4.724
4.133
4.834
4.924
5.464
7.866
21.316
21.216
13.41
9.657
6.825
12.91
27.421
28.222
32.925
38.93
40.631
46.336
58.545
42.733
34.226
29.923
26.721
26.22
24.819
24.619
30.924
27.721
22.818
20.316
20.015
18.815
18.414
17.614
16.413
16.513
15.612
15.612
14.711
13.711
13.711
13.51
13.31
12.41
13.21
32.425
62.648
63.549
61.347
59.946
56.844
34.427
28.122
26.621
24.119
24.219
26.32
25.119
20.816
21.216
21.717
19.315
19.115
17.914
17.113
15.912
16.413
16.613
15.212
14.211
12.109
14.011
16.213
16.313
13.31
13.711
13.711
12.31
12.109
11.709
11.309
11.309
13.01
31.024
41.332
37.729
35.127
34.126
25.52
31.524
23.518
24.319
37.329
60.146
63.549
39.33
29.423
28.622
28.022
28.222
30.123
31.624
27.021
30.323
41.532
46.536
61.247
58.245
43.133
36.428
54.542
64.35
70.154
72.956
67.852
55.943
37.929
35.227
29.523
29.823
28.222
29.223
43.233
64.35
69.954
70.154
77.46
80.862
82.063
74.057
68.453
60.247
45.535
38.53
33.526
34.927
37.129
30.924
30.323
29.022
26.52
24.719
24.519
24.319
21.817
22.017
22.217
20.316
20.416
20.216
18.314
18.114
16.913
17.013
16.012
13.711
13.611
12.91
13.811
13.11
13.01
13.911
12.91
12.71
12.71
12.81
15.412
40.231
37.429
36.528
27.721
35.527
23.618
19.715
20.216
19.815
17.213
16.813
17.213
17.213
15.312
15.312
15.012
14.311
13.911
14.711
15.612
15.212
14.611
15.712
14.912
14.211
15.212
25.019
17.113
15.712
13.811
11.809
12.61
12.41
12.009
12.009
12.009
12.009
12.009
12.209
13.31
18.614
13.01
13.21
21.717
63.349
36.028
14.711
12.209
14.711
14.912
14.811
14.011
15.912
18.314
17.914
21.116
15.712
15.412
14.111
14.211
14.311
15.012
15.112
12.41
13.11
12.51
12.41
12.31
11.509
11.209
17.213
11.609
11.509
10.908
10.508
10.508
10.308
8.997
10.008
10.008
9.968
8.637
7.586
8.487
7.896
6.935
7.356
7.386
7.386
7.226
5.975
6.715
6.125
6.775
6.805
6.685
6.125
6.125
6.125
6.005
4.734
4.984
5.474
5.474
5.324
4.874
4.333
3.453
3.993
3.483
3.483
3.713
4.083
3.913
7.486
6.915
4.844
5.044
4.794
4.053
3.973
3.603
3.943
3.463
3.092
1.221
2.212
2.812
2.072
3.433
3.493
3.493
3.403
2.812
2.702
2.612
2.812
2.812
2.812
2.072
2.042
2.042
2.042
2.042
2.042
2.212
3.152
4.173
3.403
2.702
2.762
2.762
2.762
2.762
2.762
2.762
2.762
2.022
1.992
3.383
4.263
4.343
7.266
5.624
5.534
3.583
2.702
2.762
2.762
2.762
2.022
2.132
2.762
2.762
2.022
1.992
1.912
1.851
1.992
1.912
1.451
1.491
1.491
1.491
1.491
1.491
1.491
1.491
1.491
1.491
1.291
1.231
1.491
1.491
1.151
1.041
1.041
1.041
1.041
1.041
1.041
1.041
1.461
1.491
1.491
1.491
1.491
1.491
1.151
1.211
1.381
1.371
1.481
1.481
1.481
1.481
1.481
1.171
1.201
1.341
1.141
1.481
1.481
1.481
1.882
1.932
1.481
1.481
1.481
1.451
1.451
1.621
1.932
1.481
1.621
1.932
1.481
1.621
3.243
2.782
1.621
1.992
2.022
2.022
2.022
2.022
2.022
2.022
2.022
1.511
1.481
1.601
1.511
1.601
2.022
2.162
2.792
2.562
2.022
2.112
4.173
3.303
2.792
2.792
2.672
2.022
2.022
2.362
4.203
3.863
2.792
2.792
2.752
2.752
2.752
2.752
2.752
3.293
7.035
8.987
11.609
9.637
5.304
6.385
4.173
8.477
27.521
29.022
19.915
17.914
20.216
29.723
43.834
41.132
29.423
25.72
25.019
37.529
45.435
45.635
38.83
40.131
38.53
33.126
33.226
33.726
34.026
29.923
27.521
25.32
22.718
22.017
21.517
21.016
22.117
21.116
20.716
18.514
21.617
20.116
23.618
35.127
25.32
25.019
53.742
59.446
63.349
64.45
72.956
74.157
75.258
76.359
80.862
76.359
69.354
62.448
61.147
61.748
59.046
57.344
50.039
41.332
34.427
33.026
31.925
33.926
39.531
41.532
47.337
48.437
29.323
30.223
30.724
31.324
28.822
26.22
24.519
22.117
31.725
40.431
43.734
38.33
31.424
28.522
27.922
26.32
24.619
23.718
23.418
22.017
22.117
21.417
20.416
21.016
20.216
19.215
19.115
18.314
16.713
15.812
16.313
16.413
14.611
14.311
12.71
13.21
13.41
12.109
12.109
12.109
15.312
27.221
17.213
15.612
13.51
19.115
21.717
18.014
18.414
18.314
18.915
18.614
16.313
16.413
16.213
16.012
15.712
15.412
14.511
14.711
13.51
13.911
13.911
13.811
13.11
11.109
11.009
9.127
8.617
8.677
8.677
8.557
8.026
8.547
8.687
8.066
7.556
7.866
7.416
7.386
7.386
7.386
6.845
7.336
7.866
11.009
8.977
6.765
6.825
6.935
6.735
6.845
7.586
7.586
8.837
7.136
6.765
6.675
6.165
5.404
5.434
5.294
4.784
4.894
4.904
4.904
4.203
4.393
4.453
4.453
4.453
5.074
6.895
5.845
4.624
4.423
4.423
4.513
2.582
3.523
3.493
3.383
2.982
3.122
1.421
1.421
8.427
8.767
6.215
4.904
4.714
3.723
4.003
3.493
3.433
3.433
3.433
3.403
3.062
3.433
3.433
3.433
3.433
3.543
5.214
5.304
4.594
2.522
2.522
2.612
3.233
4.333
7.146
5.805
5.214
4.333
4.704
4.814
4.794
3.433
3.433
3.573
4.193
4.023
3.883
3.673
3.423
3.423
3.363
3.052
3.423
3.423
3.873
3.873
3.423
3.423
3.423
3.423
3.423
3.423
3.423
3.333
2.912
2.622
2.602
2.912
2.912
2.912
3.283
4.473
4.323
4.413
5.574
5.855
5.885
4.473
5.454
5.775
3.303
5.915
5.714
6.565
9.057
9.397
8.807
7.556
7.106
6.475
6.195
6.935
6.955
8.407
8.637
8.637
8.857
10.108
9.597
8.577
17.514
19.615
14.912
11.909
11.809
11.509
12.109
11.709
23.518
26.42
27.521
24.319
19.215
16.813
18.915
24.219
29.423
24.619
19.115
18.815
17.313
17.213
16.713
16.213
15.512
12.61
15.712
26.22
38.129
38.33
37.229
49.638
64.25
63.649
66.351
65.751
66.451
65.551
65.851
64.75
64.85
65.651
65.551
64.95
64.45
62.448
56.043
34.026
34.527
31.725
31.424
31.424
34.827
37.529
31.524
33.126
64.35
64.15
64.15
61.347
62.949
58.445
65.751
64.75
64.55
66.251
65.951
68.753
66.551
62.748
61.047
60.647
65.751
75.258
82.063
83.164
80.963
76.359
72.456
66.051
59.146
51.84
55.643
38.33
32.225
31.725
31.424
44.434
60.247
60.847
56.444
33.726
35.828
32.625
44.835
60.046
60.747
62.148
58.245
52.04
37.029
56.544
60.747
60.747
57.144
58.445
58.545
55.543
56.043
65.05
64.75
64.75
64.65
58.946
56.544
39.831
32.125
31.725
31.324
32.825
38.43
33.826
29.823
27.822
26.821
23.918
24.919
43.133
65.951
58.645
58.645
61.247
56.243
56.544
52.641
55.343
57.745
56.744
39.43
35.327
28.422
29.523
29.623
29.423
27.922
28.122
26.12
24.119
23.718
21.917
22.918
22.217
21.116
19.315
22.617
33.726
60.347
59.846
60.146
57.444
31.124
33.526
25.72
22.818
22.818
21.517
22.117
21.417
20.716
19.015
19.415
18.214
17.413
16.012
16.413
15.912
15.112
14.211
14.711
13.811
13.21
14.711
14.311
13.31
13.51
12.51
12.41
12.41
12.31
11.709
11.709
11.709
11.509
15.512
15.012
15.012
17.413
14.611
13.811
13.811
29.823
16.213
12.91
12.51
14.811
14.011
10.408
10.308
10.608
13.31
16.913
24.119
33.026
22.517
23.618
41.132
23.018
10.408
10.708
11.009
10.508
11.509
13.31
15.612
28.222
14.311
13.611
15.312
13.51
12.61
14.411
15.912
15.212
15.112
15.612
14.912
13.711
12.91
13.811
13.01
12.31
12.31
11.809
11.309
11.309
10.908
10.008
10.108
10.108
9.898
9.557
9.968
9.237
8.727
8.527
7.616
8.156
8.126
8.126
7.986
7.196
7.426
8.296
12.209
9.748
7.506
7.506
7.086
7.196
5.554
5.754
6.175
6.145
6.145
5.584
4.704
4.904
4.954
4.954
4.954
4.844
4.373
4.313
4.604
4.794
4.313
2.982
3.493
3.523
3.663
4.113
4.113
4.113
4.113
4.884
5.164
4.684
4.944
4.774
3.693
3.803
3.693
3.523
3.523
3.523
3.523
3.152
2.932
2.612
2.612
2.612
2.982
2.552
2.722
2.942
2.832
2.552
2.722
2.862
2.632
2.942
2.442
3.483
4.163
3.483
2.972
2.802
2.802
2.522
2.042
2.042
2.042
2.042
1.871
1.611
2.042
2.042
2.042
2.042
2.042
1.611
2.042
2.042
2.072
1.962
1.501
2.182
3.172
2.012
1.111
1.841
2.242
2.662
1.821
2.072
2.812
4.484
3.463
1.671
1.191
2.072
2.072
2.072
2.072
2.072
2.642
2.072
2.072
2.072
2.072
2.302
2.832
2.832
2.932
2.052
2.502
2.842
2.842
3.012
3.012
2.592
2.082
2.812
2.842
2.842
2.842
2.112
2.082
2.082
2.082
2.082
2.082
2.082
2.082
2.422
4.003
5.534
7.206
5.875
5.454
4.834
2.902
3.983
3.893
3.383
3.473
3.493
3.493
3.383
2.982
4.033
4.714
3.953
3.413
3.303
4.774
4.063
4.714
3.953
3.493
3.493
3.493
3.493
3.493
3.493
3.413
3.413
3.493
3.493
3.493
3.493
3.493
3.493
3.493
6.905
13.01
10.908
10.408
13.711
12.109
9.517
10.508
12.109
16.713
18.915
15.612
14.912
18.114
16.213
13.611
13.711
12.109
12.41
12.009
12.51
12.51
12.51
11.009
7.876
10.408
8.096
6.655
6.965
20.716
54.342
16.913
16.313
9.317
15.912
22.117
32.025
45.535
46.336
34.226
60.847
61.948
66.351
68.753
66.351
63.749
50.639
54.542
46.936
40.031
44.534
48.638
62.148
59.246
59.346
56.444
59.246
37.129
37.429
33.826
29.623
34.427
42.133
36.028
29.723
29.623
28.422
26.52
25.119
25.82
21.316
22.517
21.316
20.216
21.917
22.217
19.015
16.913
17.413
16.012
15.812
15.112
14.411
13.811
12.31
13.21
12.61
12.209
11.909
9.948
10.208
11.909
11.909
11.809
11.209
11.509
10.108
10.008
9.257
10.808
11.509
9.878
10.508
9.848
9.627
8.687
8.066
8.066
8.096
8.096
6.535
6.285
6.815
6.815
6.815
6.815
6.815
8.777
13.01
11.109
9.708
7.876
7.546
10.308
14.811
19.415
15.612
12.51
16.012
29.323
14.311
15.812
14.011
12.009
11.909
11.209
11.209
11.209
11.809
12.009
12.81
15.112
13.21
11.909
11.109
10.108
10.308
10.108
9.918
8.817
9.637
9.307
9.708
10.008
8.827
7.666
8.857
8.857
8.857
8.747
8.086
8.086
8.086
7.576
6.025
6.815
6.815
6.335
6.135
6.075
6.815
7.946
8.627
5.654
5.514
5.514
5.484
5.484
5.254
5.484
5.514
5.514
3.583
4.513
4.654
4.143
4.143
3.923
3.863
3.693
3.523
3.152
3.042
3.012
3.102
3.293
3.693
2.252
2.902
2.902
2.902
2.362
2.252
2.902
2.902
2.362
2.132
2.132
2.132
2.132
2.132
2.132
2.082
1.912
1.791
1.541
1.541
1.541
1.541
1.541
1.541
1.541
1.541
1.912
2.082
2.082
2.672
2.842
2.842
1.681
1.541
1.541
1.541
1.541
1.541
1.541
1.621
2.082
1.791
1.591
1.932
2.082
1.962
1.501
1.501
1.501
1.501
1.501
1.841
13.51
14.211
4.734
3.433
3.343
2.812
2.812
2.982
5.164
5.614
4.484
3.493
3.293
2.662
2.812
2.812
2.812
2.812
2.812
2.812
2.612
2.812
2.812
2.922
2.812
2.702
2.052
2.052
2.192
2.822
4.063
2.342
3.022
2.852
2.562
5.224
5.374
4.664
3.643
3.473
3.473
3.473
3.363
1.681
2.022
2.222
2.652
2.192
2.652
2.652
2.822
2.362
3.102
2.792
5.544
8.296
7.676
5.354
3.883
4.073
3.993
2.402
3.623
3.483
3.483
3.483
3.343
2.972
2.972
2.972
2.972
3.373
2.972
2.972
2.972
2.972
2.772
2.012
2.912
3.203
4.584
4.023
3.593
3.593
3.343
4.133
4.153
6.415
7.376
5.594
5.024
5.795
7.015
4.914
2.702
2.732
2.732
2.222
2.162
2.162
2.162
1.711
2.932
8.176
12.009
10.408
10.508
12.71
13.611
18.414
13.01
12.009
10.008
9.818
9.507
8.797
8.777
8.747
8.887
9.657
8.887
9.798
9.257
9.597
19.215
18.414
14.811
16.813
13.611
12.81
12.81
12.81
10.108
11.309
11.709
17.614
30.223
24.419
9.147
8.377
5.004
6.255
6.905
6.735
6.845
3.563
6.675
17.013
16.813
19.615
20.216
16.613
12.209
13.611
12.209
14.411
14.611
11.809
7.196
8.387
10.308
10.308
9.327
6.125
5.104
5.664
4.794
4.794
4.794
4.794
4.794
4.794
4.874
6.685
9.607
9.347
8.016
8.927
8.066
7.896
6.165
8.096
8.036
7.015
8.887
8.717
14.111
14.811
13.811
11.909
12.209
13.41
22.417
21.517
16.613
14.711
12.41
13.31
11.109
12.31
13.21
12.81
11.909
11.909
10.508
11.309
12.81
12.91
14.211
15.612
25.22
53.641
62.148
33.026
33.126
56.944
60.347
59.346
41.332
53.641
53.041
54.742
59.946
65.751
60.247
56.944
56.344
48.237
35.828
33.926
37.529
37.929
37.229
32.625
38.53
32.725
31.424
26.721
26.921
24.219
26.621
27.121
28.722
29.022
22.517
22.017
22.117
23.018
29.523
20.015
20.616
26.621
27.021
25.92
30.023
24.019
24.119
28.722
23.718
20.416
20.216
19.615
19.715
18.414
17.013
17.514
16.613
16.613
18.314
13.911
14.811
14.011
10.908
14.011
14.111
16.713
16.012
16.012
14.511
14.411
14.912
14.912
12.41
12.109
12.91
12.71
11.909
14.011
16.413
16.713
9.678
8.066
8.427
8.797
8.577
8.316
8.036
8.036
6.695
6.815
6.815
6.815
6.695
6.135
6.355
6.645
6.815
6.585
6.135
5.704
5.764
10.108
8.196
4.153
5.504
6.725
6.645
6.815
6.275
4.944
6.245
6.245
5.875
6.105
5.504
4.834
5.334
6.245
6.715
7.166
7.246
10.208
6.565
6.935
12.209
10.908
5.664
5.975
6.225
6.595
6.115
6.565
6.935
7.726
7.055
6.765
6.765
6.455
3.853
5.094
5.634
5.634
5.034
4.784
4.473
3.363
4.243
4.023
4.213
4.193
3.563
4.133
5.915
6.345
5.574
3.993
2.632
3.763
4.273
4.273
3.513
3.513
3.513
3.513
3.513
3.513
3.513
3.423
2.832
2.832
3.483
3.513
3.513
3.363
2.832
3.393
2.832
2.832
2.832
2.912
3.503
6.475
8.377
6.275
4.353
4.804
4.884
4.864
3.953
3.503
3.893
3.473
3.893
3.983
3.473
2.192
3.303
3.503
3.503
3.503
3.503
3.383
2.872
2.932
3.723
4.013
3.473
3.473
3.473
1.631
2.762
3.102
3.533
3.533
3.613
5.684
5.684
4.153
3.533
3.443
2.852
2.852
2.852
2.852
2.902
3.533
3.533
3.533
3.533
3.533
2.872
2.852
2.852
3.022
2.852
2.852
2.852
2.852
2.852
2.852
3.783
6.045
4.173
7.346
9.668
8.256
11.009
13.51
6.635
6.755
8.477
19.615
29.022
20.816
12.61
12.209
12.009
15.212
35.828
67.352
72.456
76.459
75.258
71.355
58.245
26.12
37.029
31.925
32.325
34.026
34.026
30.323
28.822
27.721
27.121
24.719
24.019
22.918
21.016
18.915
19.515
19.315
18.214
17.313
16.012
16.112
16.012
15.212
15.012
15.012
13.41
12.91
12.009
12.81
12.209
13.711
21.116
17.514
15.212
18.514
19.115
20.516
22.617
17.213
15.812
15.712
14.811
14.912
14.011
14.011
14.011
13.51
12.61
12.91
12.91
12.209
12.91
13.811
13.711
8.757
8.046
12.31
12.209
12.81
12.009
12.009
12.009
12.009
9.948
11.909
15.912
13.711
13.51
11.509
11.909
10.808
11.909
11.609
10.808
10.808
10.108
8.176
8.086
8.086
8.086
8.086
8.086
8.086
7.526
9.477
11.309
9.848
10.708
8.086
8.086
8.176
13.811
12.61
10.708
10.108
9.137
9.347
8.216
8.697
8.106
7.876
8.106
7.936
7.426
7.426
7.426
7.486
8.106
6.825
12.81
39.731
47.337
20.116
21.717
42.133
64.85
52.541
26.821
29.323
53.742
64.35
34.327
29.323
28.822
27.321
25.42
25.119
23.118
21.517
19.815
20.316
19.515
18.614
17.914
16.513
15.412
16.112
15.212
14.912
14.011
12.71
13.911
16.112
14.411
12.109
14.011
17.113
19.615
24.019
16.012
17.013
12.41
14.211
12.51
13.11
15.512
12.31
12.209
12.109
15.512
16.112
11.109
11.009
10.208
10.908
9.197
9.107
9.107
8.346
8.427
7.326
7.035
6.475
5.364
5.905
6.475
6.475
6.525
6.505
6.445
6.245
5.144
4.974
5.364
5.334
5.845
6.075
10.108
14.811
17.914
12.109
8.727
9.377
8.897
11.009
14.912
9.718
9.457
8.186
8.407
13.911
11.109
8.977
8.917
8.216
8.186
8.186
7.506
7.506
7.556
7.076
7.055
7.055
7.055
7.055
6.255
6.515
6.515
5.895
5.694
5.384
5.604
4.954
4.363
4.273
4.984
4.784
4.133
4.273
4.984
4.844
4.133
4.814
3.543
3.453
3.543
3.543
3.142
2.892
2.892
2.892
2.892
2.892
2.892
2.892
2.892
2.892
2.892
2.742
2.132
2.132
1.741
1.591
1.882
1.992
2.132
2.332
2.532
2.272
2.132
2.132
2.132
2.132
2.132
2.132
2.132
2.732
2.272
2.132
2.132
2.132
1.401
2.022
2.732
2.252
0.944
1.541
1.741
1.621
1.141
1.171
1.171
1.481
1.141
1.141
1.261
1.631
1.601
1.601
1.601
1.601
1.601
1.231
1.141
1.141
1.401
2.022
1.631
1.681
1.401
1.141
1.141
1.141
1.141
1.141
1.291
1.341
1.141
1.141
1.141
1.121
1.121
1.121
1.121
1.121
1.121
1.491
2.402
1.551
1.581
1.491
1.952
1.611
1.121
1.121
1.551
1.581
1.381
1.271
2.882
1.661
1.581
1.581
1.581
1.581
1.581
1.581
1.581
1.581
1.461
1.241
1.491
1.491
1.571
1.571
1.571
1.571
1.571
1.491
1.491
1.571
1.571
1.491
1.431
2.882
2.062
2.032
2.202
2.762
2.032
1.571
1.661
2.032
1.571
2.232
1.601
1.231
1.151
1.571
1.571
1.661
2.092
2.092
2.032
1.181
1.471
2.062
1.551
1.551
2.542
3.393
2.832
1.241
3.903
5.354
3.703
1.922
1.611
2.542
2.202
2.882
2.682
2.092
0.703
1.641
1.581
1.551
1.831
1.271
2.602
3.253
7.166
6.015
3.723
3.523
3.353
1.231
3.353
3.553
3.553
4.794
4.093
1.932
3.493
5.674
14.111
17.714
16.613
16.513
24.019
14.711
13.811
21.417
16.213
17.113
17.614
20.116
17.914
17.514
17.514
17.514
16.413
16.313
16.313
14.211
14.111
12.91
12.91
12.009
12.009
12.009
11.209
11.209
11.309
11.209
11.209
10.108
8.397
9.127
9.107
7.546
7.746
8.937
8.086
7.546
8.086
8.086
6.155
7.066
7.066
6.865
6.145
6.855
5.494
5.694
6.485
4.473
5.694
5.694
5.775
7.106
6.935
6.935
6.935
7.025
5.754
6.175
7.736
6.995
5.694
9.097
20.216
17.213
14.411
17.313
14.511
20.816
18.714
14.511
12.209
10.908
11.409
11.409
11.409
11.509
10.908
10.208
10.408
11.109
11.309
10.908
12.51
11.709
11.509
12.209
10.508
9.137
8.577
8.116
8.457
8.427
7.496
6.565
7.096
8.066
8.066
8.066
8.036
7.466
7.696
7.266
7.406
7.045
6.195
6.135
6.985
7.836
7.156
6.135
6.135
5.094
5.714
5.284
4.944
5.374
4.413
3.753
4.524
6.935
8.126
6.115
4.604
5.454
4.043
5.484
5.204
7.216
6.875
5.484
5.574
4.043
5.204
4.243
4.443
3.873
3.933
4.103
4.133
4.193
3.483
3.993
4.694
3.653
3.142
3.733
2.662
2.632
2.912
4.413
4.694
5.064
5.494
4.213
4.193
3.533
4.193
3.363
4.644
4.674
4.473
4.413
3.873
3.793
3.223
3.223
3.223
2.852
2.512
2.742
2.882
3.022
2.962
2.852
2.962
2.682
2.962
3.253
3.102
2.592
2.452
2.422
2.112
2.372
4.494
8.236
7.586
7.556
8.437
6.165
4.153
4.213
3.843
4.243
4.494
4.273
4.504
4.333
5.094
4.704
3.883
3.543
3.823
3.513
3.513
3.513
3.513
3.513
3.142
3.313
3.253
3.172
3.172
2.832
2.832
3.483
3.513
3.513
3.423
3.513
3.513
3.513
3.172
3.172
2.772
2.692
2.842
3.012
3.183
3.102
3.012
2.842
2.472
3.183
3.803
4.433
3.122
3.553
3.553
4.604
3.753
3.523
3.523
3.523
3.523
3.523
3.523
3.243
2.192
3.433
4.824
12.51
10.908
6.325
5.704
5.704
6.665
12.71
8.336
6.235
5.895
5.895
5.895
6.205
6.435
5.694
5.164
5.554
5.554
5.694
5.694
5.694
5.584
5.304
5.214
5.614
5.444
5.614
5.304
5.074
5.164
5.134
5.104
5.354
5.614
5.044
4.934
5.404
5.264
3.533
4.754
4.604
4.323
5.434
11.209
8.607
7.556
6.445
7.045
5.574
5.454
3.643
5.544
5.965
7.896
8.146
9.147
7.156
6.935
7.015
7.386
10.208
7.696
10.608
12.009
18.014
30.323
19.815
20.316
27.021
21.116
32.025
39.13
28.122
25.22
38.23
60.046
60.847
39.831
40.131
36.929
32.525
39.23
60.847
63.249
62.248
74.157
78.661
76.459
74.157
64.85
65.15
63.949
59.146
42.533
39.33
59.546
61.948
62.748
63.649
62.448
60.747
49.138
40.631
37.529
34.727
32.325
30.724
28.122
27.421
26.821
25.119
24.019
22.317
22.017
21.116
18.414
18.915
18.714
18.414
19.915
20.916
24.819
48.037
30.624
25.52
25.52
24.919
28.222
29.923
25.32
24.419
23.718
31.224
33.626
31.024
33.526
37.229
57.745
60.447
59.546
33.126
30.724
30.023
28.622
27.221
25.72
32.425
39.33
62.849
63.649
61.247
38.83
56.143
63.949
66.351
65.851
63.749
49.438
42.933
39.631
35.828
33.726
31.925
30.724
29.123
27.922
25.22
24.919
23.918
23.418
21.517
21.717
20.716
18.714
17.814
18.314
17.514
16.613
16.613
14.611
15.612
14.912
14.811
14.711
14.111
14.411
13.611
12.81
14.511
14.111
12.41
12.81
14.811
13.911
13.31
14.912
13.51
15.312
16.713
12.109
13.811
18.214
44.935
42.933
28.222
58.345
61.548
54.242
38.83
45.035
36.528
32.625
27.521
26.621
28.322
23.918
22.017
21.116
19.515
18.214
18.614
22.117
20.916
21.717
21.917
31.524
25.52
21.517
24.019
20.216
18.915
17.514
16.713
16.413
16.413
16.513
16.112
14.211
14.311
14.411
14.011
13.21
13.31
12.61
12.109
12.61
11.709
11.809
10.608
10.908
10.708
10.008
9.287
9.597
9.287
9.177
8.857
8.236
8.346
8.266
7.276
8.206
7.926
7.896
7.896
7.926
7.556
6.795
7.076
6.315
6.845
8.717
7.646
6.965
6.285
6.195
6.025
4.924
5.494
5.494
5.474
4.163
4.964
4.964
4.964
4.964
4.964
5.014
5.524
5.584
5.104
4.624
4.594
4.594
4.594
4.594
5.104
4.984
4.964
4.734
3.993
3.623
3.773
4.113
4.113
3.713
3.793
5.044
4.564
4.554
4.724
5.574
4.604
3.843
3.843
5.885
7.015
4.864
4.213
5.204
5.114
4.153
4.433
3.132
3.503
3.533
3.363
3.563
3.052
3.022
3.503
3.102
3.273
3.193
2.682
3.132
3.102
3.102
10.508
7.926
7.055
5.064
5.694
5.184
3.343
4.554
3.853
3.683
3.903
3.623
3.533
3.533
3.533
3.533
3.873
4.133
3.533
3.593
3.002
3.193
3.283
3.533
3.453
2.972
3.193
3.483
3.533
3.533
3.533
3.533
