5.55
5.4
5.25
5.25
5.25
5.25
5.25
5.25
5.25
5.25
5.25
5.55
5.4
5.55
5.55
5.55
5.85
5.7
6.15
6.15
6.45
6.45
6.6
6.77
7.11
7.11
7.11
7.11
7.28
7.45
7.28
7.45
7.45
7.62
7.62
7.45
7.45
7.45
7.28
7.28
7.28
7.28
7.79
7.62
7.79
7.79
7.96
8.13
7.96
8.3
8.68
8.68
9.25
9.63
9.82
9.82
10.2
10.6
11
11.4
11.8
11.8
12.43
12.89
13.12
13.58
13.58
17.07
18.89
19.7
20.54
19.16
19.16
19.16
19.16
19.16
19.43
19.7
20.26
21.1
21.38
21.38
21.66
22.5
23.4
24.9
26.1
26.4
26.7
27
26.1
21.38
20.54
20.82
21.38
21.38
22.5
24.3
28.81
27.39
28.9
28.6
28.26
29.2
28.9
28.9
26.9
25.2
23.5
22.48
21.46
20.78
19.42
17.16
15.61
14.14
16.85
16.85
16.54
13.56
11.36
11.1
10.58
10.6
10.84
10.32
9.8
9.14
9.14
9.14
9.14
7.82
7.6
7.41
7.22
7.03
6.27
5.7
5.7
5.7
5.17
5.04
4.78
4.52
4.65
4.13
4
3.61
3.61
4.39
4.39
3.61
1.83
2.83
2.83
2.7
5.48
4.26
4
3.22
2.83
2.59
2.59
2.37
2.37
2.15
2.15
2.04
1.93
1.93
1.82
1.82
1.71
1.6
1.6
1.51
1.43
1.43
1.33
1.24
1.33
1.43
1.33
1.24
1.24
1.24
1.15
1.15
0.97
0.79
0.79
0.7
0.7
0.62
0.62
0.55
0.55
0.46
0.46
0.46
0.39
0.46
0.46
0.46
0.46
0.46
0.46
0.46
0.46
0.39
0.32
0.32
0.32
0.32
0.24
0.16
0.16
0.16
0.24
0.32
0.32
0.32
0.32
0.32
0.46
0.46
0.39
0.32
0.32
4.51
1.71
2.48
0.16
0.16
0.16
0.08
0.08
0.08
0.08
0.08
0.08
0.16
0.24
0.24
0.24
0.24
0.24
0.24
0.24
0.24
0.16
0.16
0.16
0.24
0.24
0.24
0.16
0.24
0.16
0.08
0.08
0.08
0.16
0.16
0.16
0.32
0.34
0.35
0.37
0.38
0.4
0.41
0.43
0.44
0.46
0.47
0.49
0.5
0.4
0.4
0.6
0.6
0.7
0.7
0.8
0.8
0.8
1
1
0.9
1
1.2
1.4
1.4
1.4
1.4
1.5
1.5
1.5
1.5
1.5
1.7
3.62
40
3.4
3
2.8
2.6
2.4
2.2
2.4
2.6
2
2.4
2.6
2.8
2.6
2.8
3.2
3
3.2
3.2
3.2
3.2
3.6
3.2
2.8
2.8
2.8
2.8
2.8
2.6
2.6
2.4
3
2.6
2.2
2
2.4
2.2
2.4
2.2
2.2
2.2
2.2
2.2
2.6
2.4
2.2
2.2
2
2.2
2
2.2
2.4
2.4
2.6
2.4
2.4
2.4
2.8
3
3
3
3.2
3.6
3.8
3.2
3.6
4
4.5
4.5
3.6
2.8
2.6
2.4
2.4
2.4
2.4
2.8
2.8
2.8
3.6
4
4.5
4.5
5
5.75
5.25
5
5
4.75
5
5
5.25
5.25
5.75
5.25
5.25
6
6
6
6
6
6
6
6.25
6.5
7.2
7.2
7.55
7.55
7.9
8.95
8.95
8.25
8.6
8.95
8.95
8.95
8.6
8.95
8.95
9.3
10.35
11.05
11.05
11.4
11.75
13.15
14.4
17.1
17.1
17.55
23.8
20
21
21.5
21
21
21
22.5
23
22.5
22.5
22.5
23.6
27.2
27.2
21.5
17.55
19.5
21
22.5
23.6
25.4
26.6
25.4
26.6
25.4
26
25.4
26
26
25.4
24.2
26
51.3
51.99
44.73
44.9
40.4
38
36.8
36.8
36.8
36.8
36.8
37.4
38
39.2
39.2
39.2
39.94
31.6
34
32.4
31.6
27.9
23.6
20.6
17.6
16.1
14.75
14.3
14.3
21.8
23
19.4
16.1
14.3
13.4
11.6
11.6
11.6
10.7
9.8
8.45
7.7
7.7
7.4
6.2
5
4.25
4
3.25
3.25
2.75
2.05
2.35
2.2
1.9
1.6
1.9
1.9
1.75
1.75
1.45
1.45
1.15
1.15
1
1.3
1.15
0.95
0.95
0.85
0.8
0.8
0.75
0.85
0.85
0.85
0.85
0.85
0.8
0.85
0.85
0.9
0.85
1
1
0.95
0.95
0.85
0.85
0.8
0.8
0.75
0.7
0.7
0.7
0.7
0.6
0.6
0.6
0.6
0.6
0.4
0.5
0.5
0.4
0.4
0.4
0.4
0.4
0.4
0.5
0.55
0.55
0.55
0.55
0.55
0.55
0.4
0.4
0.3
0.4
0.2
0.3
0.3
0.2
0.3
0.3
0.3
0.3
0.4
0.3
0.4
0.3
0.3
0.2
0.3
0.4
0.4
0.4
0.3
0.4
0.3
0.2
0.3
0.4
0.3
0.2
0.3
0.3
0.4
0.3
0.2
0.2
0.3
0.2
0.2
0.2
0.2
0.2
0.2
0.4
0.4
0.4
0.2
0.2
0.2
0.3
0.3
0.25
0.25
0.25
0.25
0.25
0.25
0.2
0.15
0.15
0.2
0.25
0.25
0.3
0.35
0.4
0.5
0.5
0.57
0.57
0.65
0.72
0.8
0.8
0.87
0.87
0.87
0.95
1.02
1.1
1.1
2.45
2.3
1.85
2
2.15
2.3
2.3
2.15
2.3
2.3
2.45
2.75
2.75
2.75
3.05
10.84
3.2
2.6
2.6
2.6
2.6
2.6
2.6
2.6
2.45
2.75
2.6
2.6
2.45
2.45
2.45
2.3
2
2
2
1.85
1.85
1.7
1.7
1.85
1.85
1.85
1.7
1.7
1.55
1.55
1.55
1.85
1.7
1.7
1.85
1.85
1.85
1.85
1.7
1.85
1.7
1.55
1.55
1.7
1.55
1.55
1.55
1.55
1.4
1.55
1.7
1.7
1.7
1.7
1.85
1.85
1.85
1.7
1.7
1.7
1.7
1.7
1.7
1.7
1.85
1.85
1.85
2.15
2.3
2.3
2.3
2.3
2.3
2.3
2.3
2.3
2.3
2.3
2.6
2.9
2.9
3.05
3.2
3.2
3.2
3.35
3.35
3.35
3.35
3.5
3.5
3.5
3.65
3.65
3.8
3.8
3.8
3.95
3.95
3.95
3.95
3.95
4.1
4.1
4.25
4.47
4.92
6.27
5.82
5.82
5.6
5.82
6.77
7.32
7.32
7.32
7.87
7.87
8.15
9.57
10.22
11.85
11.85
10.55
8.7
8.97
10.22
10.87
10.22
10.22
18.53
53.19
41.6
42.17
40.45
42.75
42.75
42.75
41.6
41.02
39.3
43.35
69.55
42
40.5
41.25
42.75
42
42.75
42.75
32.25
30.75
27.9
25.8
25.1
27.9
45.06
33.75
26.5
29.75
39
39.75
38.25
36.75
35.25
36
34.5
33
31.5
31.5
29.3
27.9
25.8
24.4
22.35
21.05
19.1
16.5
15.97
14.92
13.35
12.3
11.25
9.97
9.97
9.12
8.7
7
7
6.67
5.05
4.07
3.52
3.3
3.52
3.52
3.75
3.3
3.07
3.07
3.3
3.3
2.85
2.85
2.85
2.62
2.4
2.17
1.95
1.72
1.72
2.17
1.95
2.17
2.17
1.95
1.95
1.95
1.72
1.72
1.72
2.62
2.85
2.62
2.85
2.85
2.4
2.62
2.17
2.17
2.17
1.72
2.17
1.95
1.5
1.5
1.5
1.5
1.35
1.35
1.2
1.2
1.2
1.2
0.9
0.6
0.3
0.3
0.3
0.45
0.45
0.3
0.15
0.15
0.15
0.3
0.3
0.3
0.3
0.45
0.6
0.45
0.6
0.75
0.75
0.75
0.75
0.45
0.45
0.15
0.05
0.05
0.05
0.05
0.05
0.05
0.05
0.75
0.45
0.15
0.15
0.15
0.15
0.3
0.2
0.2
0.15
0.3
0.15
0.05
0.05
0.3
0.45
0.45
0.3
0.3
0.05
0.05
0.05
0.05
0.05
0.05
0.05
0.05
0.05
0.05
0.05
0.15
0.3
0.45
0.45
0.6
0.6
0.6
0.1
0.1
0.11
0.11
0.12
0.12
0.13
0.17
0.21
0.25
0.28
0.32
0.36
0.4
0.44
0.48
0.52
0.56
0.6
0.64
0.67
0.71
0.75
0.79
0.83
0.87
0.91
0.95
0.99
1.03
1.06
1.1
1.14
1.18
1.22
1.26
1.3
1.34
1.38
1.42
1.45
1.49
1.53
1.57
1.61
1.65
1.69
1.73
1.77
1.81
1.85
1.9
1.9
1.91
1.92
1.92
1.92
1.93
1.93
1.93
1.94
1.94
1.95
1.95
1.95
1.95
1.96
3.22
4.48
5.74
7
7.5
10.3
10.3
9.95
9.6
9.6
50.56
15.5
14.6
25.96
17.5
12.8
9.6
7.5
7
6.75
6.75
6.75
6.5
6.25
6
5.75
5.75
6
6
5.75
5.75
5.75
6
6
6
6
6.25
6
5.75
5.75
5.75
5.75
5.75
6
6.25
6
6
6.25
6
6
6.25
6.25
6.25
6.5
6.75
6.75
6.75
6.51
6.5
6.25
6.75
6.5
6.5
6.75
6.75
7
6.75
6.75
6.75
6.75
6.75
6.75
6.75
6.5
6.25
6.5
6.5
6.5
6.5
6.25
6.25
6.15
6.25
7
8.2
8.9
10.3
11.9
13.25
13.25
12.8
11.45
11.45
11.9
11.9
12.8
13.7
14.6
15.5
20
18
21.6
20.5
21.05
21.05
21.6
22.15
24.35
25.45
25.45
25.45
26.55
26.55
28.2
28.2
28.75
29.3
30.95
29.85
27.65
27.65
27.65
29.85
36.9
40.75
42.7
45.95
45.95
45.95
47.25
53.75
57.21
66.1
69.6
71
71.7
73.1
80.1
90.59
92.75
95.75
100.25
73.2
73.8
73.8
78
80.8
92
88.5
90.6
88.5
85.7
84.3
83.6
87.8
80.7
76.6
74.5
72.4
77.42
71
77.3
85
111.04
99.78
75.9
73.1
75.9
71.3
75.2
77.3
78
76.6
73.8
74.5
72.4
79.4
66.8
66.1
61.2
59.8
58.4
60.5
62.6
59.8
60.5
56.35
54.4
53.1
50.5
45.95
40.75
38.8
35.1
32.1
31.5
30.4
27.1
26
24.9
22.7
21.6
20
18.5
15.5
14.6
13.25
11
10.65
10.3
10.3
10.3
10.3
9.95
9.95
8.55
7
6.25
5.5
4.8
4.4
4
4
4
4
3.6
3.6
3.4
3.2
3.4
3
2.85
2.7
2.1
1.95
1.45
1.5
2.1
2.25
2.4
2.25
1.8
1.8
1.95
1.65
1.5
1.5
1.5
1.5
1.65
1.8
1.8
1.8
1.8
1.65
1.65
1.65
1.65
1.5
1.65
1.8
1.5
1.5
1.5
1.45
1.45
1.45
1.5
1.45
1.5
1.4
1.35
1.35
17.11
8.55
2.55
2.7
2.85
2.7
2.7
2.4
2.4
2.25
2.25
2.25
1.5
1.45
1.5
1.5
1.45
1.5
1.5
1.5
1.5
1.5
1.65
1.65
1.5
1.5
1.6
1.6
1.6
1.6
1.7
1.7
1.7
1.7
1.7
1.7
1.7
1.7
1.8
1.8
1.8
1.8
1.8
1.8
1.8
1.8
1.9
1.9
1.9
1.9
1.9
1.9
1.9
1.8
1.8
1.8
1.7
1.7
1.6
1.6
1.6
1.5
1.5
1.5
1.4
1.4
1.3
1.3
1.3
1.2
1.2
23.66
16
9.65
5
2.9
2.3
2.1
1.9
1.9
1.9
1.9
2.1
2.3
2.5
2.7
2.7
2.5
2.5
3.5
2.5
2.9
2.7
2.7
2.3
2.7
2.9
4.4
4.4
4.1
3.8
4.1
4.1
3.3
2.5
2.5
2.5
2.7
2.7
3.1
3.1
3.3
3.1
3.1
3.1
3.1
2.9
2.7
2.5
2.5
2.5
2.9
2.9
2.9
3.1
2.7
2.5
2.5
2.7
2.7
2.7
2.5
2.1
2.1
2.1
2.1
2.1
2.1
1.9
1.7
2.1
1.9
2.1
2.1
2.5
2.3
2.3
2.5
2.5
2.5
2.7
3.1
3.1
3.1
3.1
3.1
3.1
3.5
3.5
3.5
3.5
3.5
3.5
3.5
3.5
3.5
4.1
3.8
3.5
3.5
3.8
3.5
3.5
3.5
3.1
3.1
3.5
5
3.3
3.3
3.3
3.8
5
5.6
5.6
6.85
8.25
8.95
9.65
10.45
11.35
12.25
12.25
12.25
13.15
13.15
13.15
10.9
10
9.65
10
10.9
13.15
16.5
17.5
12.25
11.8
13.15
15
16.5
16.5
19
22.1
23.4
24.7
26
29.25
30.55
29.9
31.2
31.2
33.15
37.05
68.14
93.32
61
50.5
43.9
39
38.35
38.35
37.05
37.7
39
38.35
40.4
36.4
37.05
37.05
37.05
39
44.6
33.15
33.15
35.75
35.75
35.75
39.78
40.1
38.8
36.9
41.4
40.75
40.1
37.5
36.9
38.15
40.1
48.55
40.1
37.5
36.9
36.3
36.3
35.1
32.7
31.5
30.3
32.1
29.7
29.7
39.45
33.9
29.7
26.7
24.4
23.85
24.95
21.65
20.55
20.55
17.5
16.5
14.55
12.75
9.45
6.7
5.8
5.5
5.2
5.2
4
3.4
3
2.8
3.2
3.2
3
2.4
2.2
2.2
2
2.2
2.2
2.2
2.04
2.03
2.02
2
2
2
2
1.9
1.9
1.9
1.9
1.9
1.9
1.9
1.8
1.8
1.8
1.8
1.8
1.8
1.8
1.7
1.7
1.7
1.7
1.7
1.7
1.7
1.6
1.6
1.6
1.6
1.6
1.6
1.6
1.6
1.5
1.5
1.5
1.5
1.5
1.5
1.4
1.4
1.4
1.4
1.4
1.4
1.4
1.4
1.3
1.3
1.3
1.3
1.3
1.2
1.2
1.2
1.2
1.18
1.15
1.13
1.11
1.09
1.07
1.05
1.03
1.01
0.99
0.97
0.95
0.93
0.91
0.89
0.87
0.85
0.83
0.85
0.86
0.88
0.89
0.91
0.93
0.94
0.96
0.97
0.93
0.94
0.95
0.96
0.96
0.96
0.98
0.99
1
1.01
1.02
1.03
1.04
1.05
1.05
1.06
1.07
1.08
1.09
1.1
6.9
1.9
1.6
1.2
1.2
1.2
1.2
1.3
1.5
1.6
1.6
1.6
1.7
1.7
1.8
3
3.2
3.2
3.4
14.36
35.44
2.6
2.1
2
2.1
2
2.1
2.2
2.3
3.2
4.25
4.55
4.25
2.9
3
2.9
2.8
2.6
2.6
2.7
2.7
2.8
3.3
6.41
4.1
4.2
4.85
4.25
4.4
4.4
4.85
4.55
4.55
4.25
4.4
4.4
4.4
8.75
6.2
5
4.25
5.9
4.25
8
5.9
5.6
5.3
5.3
5
5
5.9
6.2
6.2
6.2
7.4
7.4
7.4
8
8.6
9.2
10.7
11.3
16.22
46.28
41
40.4
39.2
37.4
38
38
38
37.4
37.4
38.6
38
39.2
38.6
39.2
39.2
39.2
39.2
40.4
44
50.3
44.7
44
43.4
44.7
44.7
46.8
44
42.8
42.8
46.1
45.4
35
32.6
32.6
32
31.5
29.5
26
23
21.6
22
20.4
19.6
20
20
19.2
23.5
22.5
20.8
22
21.2
20
19.6
19.6
21.6
22.5
22.5
23.5
24.5
24
29.5
25.5
22
21.2
21.6
22.5
24
24
24.5
26
27.5
27
28
28
28
29.5
31.5
36.8
40.4
41.6
42
42.2
41.6
40.4
42.2
44.7
44
42.8
42.2
41.6
41
40.4
39.8
39.2
46.8
46.8
39.2
38.6
38.6
36.8
36.8
34.4
33.8
34.4
36.2
33.8
25
23
23.5
26
89.73
130
90
66.4
65
81.8
65.7
60.2
60.8
62.6
60.8
65
60.8
57.8
54.8
54.2
52
52
56
50
47.5
46.5
46
46.5
45.5
46
46
42.4
40.6
39.7
38.8
39.7
39.6
39.1
37.6
37.6
37.9
37.9
37.3
36.4
10.97
9.5
7.7
6.5
5.6
5.3
5
4.85
5
4.55
4.4
4.1
4.1
3.95
3.8
3.5
3.4
3.2
2.9
2.8
2.9
2.7
2.6
4.32
6.61
3.5
2.6
2.4
2.1
2.2
2
1.6
1.2
0.9
0.8
1
0.9
0.9
2.6
2.57
2.53
2.5
2.46
2.42
2.39
2.35
2.32
2.28
2.24
2.21
2.17
2.14
2.1
2.06
2
2
1.96
1.92
1.88
1.85
1.81
1.78
1.74
1.7
1.66
1.66
1.66
1.65
1.65
1.65
1.65
1.65
1.65
1.65
1.65
1.65
1.65
1.65
1.65
1.65
1.65
1.65
1.64
1.64
1.64
1.64
1.64
1.64
1.64
1.64
1.64
1.64
1.64
1.64
1.64
1.64
1.63
1.63
1.63
1.63
1.63
1.63
1.63
1.63
1.63
1.63
1.63
1.63
1.63
1.62
1.62
1.6
1.6
1.6
1.6
1.6
1.6
1.65
1.7
1.75
1.81
1.86
1.91
1.97
2.02
2.07
2.13
2.18
2.23
2.28
2.34
2.39
2.44
2.5
2.55
2.6
2.66
2.71
2.76
2.81
2.87
2.92
2.94
3.03
3.08
3.15
2.33
1.51
0.7
1.32
0.7
0.7
0.7
1.3
50.09
70
50
36.87
13.8
5.2
2.7
2.7
3
3
3.2
3.4
7.26
3.6
3
3
3.2
3.6
5.77
5.8
10.2
5.8
3.8
2.7
2.7
2.85
2.85
2.7
3.8
2.55
2.4
2.25
2.55
2.4
2.4
2.4
2.55
2.4
2.4
2.55
2.4
2.4
2.4
2.25
1.6
0.7
0.5
0.5
0.5
0.5
0.5
0.5
0.5
0.5
0.7
0.9
0.9
0.7
0.5
0.7
0.5
0.5
0.5
0.5
0.5
0.5
1.5
2.85
4.95
5.65
5.3
4.95
7.6
5.3
5.3
5.3
6
5.65
4.95
4.25
3.55
2.85
2.85
2.5
3.2
3.2
2.85
4.6
3.9
4.6
4.95
5.3
11.6
5.65
5.3
4.95
4.95
4.25
4.25
5.65
5.65
6.8
6.8
7.6
8.4
7.6
8.4
8
8.8
10.4
12
12
12.4
12.4
10.8
9.2
8.4
7.2
5.65
4.95
4.95
5.3
5.3
6.8
7.6
8
8.8
12
13.2
12.8
13.6
14.8
15.6
16.8
16
17.2
17.6
16.4
16
15.6
16.8
15.2
15.2
15.2
15.2
15.6
15.2
15.2
15.2
16
28
28
28
29
30
31
35.8
60.27
55.3
50.4
54.6
55.3
52.5
51.8
53.2
58.4
63.2
53.2
53.73
55.3
74.08
46.6
37.6
54.6
36.4
34.6
32.8
33.4
42.4
40
60.87
94
79.2
51.1
44.2
36.4
30
31
31.6
30.5
36.68
30
27
25
24.5
23
22
22
20.2
18.6
14.6
13.8
10.4
16.6
15.8
16.2
17
78.91
76
73.6
96.16
77.14
30.5
41.98
53.27
40
33.4
29
26
24.5
22.5
20.2
17.8
15.8
13
10.6
10.6
9.4
9.1
8.5
7.3
7.6
8.2
8.2
7.9
7.9
8.5
8.8
8.2
8.2
8.2
7.9
7.3
6.6
6.6
6
5.6
4.8
4.4
3.8
4.8
4.8
4
3.2
3.2
3.2
3.2
2.85
2.7
2.85
2.7
2.7
2.55
2.55
2.55
2.55
2.25
2.4
2.1
2.25
2.25
2.25
1.95
1.95
1.95
1.95
1.95
1.95
1.8
1.65
1.4
1.3
1.2
1.1
1.1
1.1
1.1
1.1
1.12
1.12
1.13
1.13
1.14
1.14
1.15
1.16
1.16
1.17
1.17
1.18
1.18
1.19
1.19
1.2
1.21
1.21
1.22
1.22
1.23
1.23
1.24
1.24
1.25
1.26
1.26
1.27
1.27
1.28
1.28
1.29
1.31
1.33
1.35
1.37
1.39
1.41
1.43
1.45
1.46
1.48
1.5
1.52
1.54
1.56
1.53
1.51
1.48
1.45
1.42
1.4
1.37
1.34
1.32
1.29
1.26
1.24
1.21
1.18
1.15
1.13
1.1
1.07
1.05
1.02
0.99
0.97
0.94
0.91
0.88
0.86
0.83
0.8
0.78
0.75
0.92
1.6
1.5
1.4
1.6
1.7
2.1
2.4
2.4
2.4
2.5
2.8
2.8
2.9
2.8
2.9
2.8
2.9
2.9
2.9
4
3.2
3
2.8
2.8
2.7
2.7
2.7
2.5
2.5
2.4
2.3
2.3
2.2
2
2
1.9
1.9
1.9
2
2.1
2.1
2.1
2.1
1.9
1.8
1.8
1.8
1.9
1.7
1.7
1.8
1.7
1.7
1.8
1.8
1.8
1.7
1.6
1.5
1.5
1.9
2.1
2.9
4.8
4.8
5.2
4.6
4
4
2.8
3.4
3
2.9
2.8
2.6
2.6
2.7
3
2.8
2.6
2.6
2.9
2.9
2.9
2.8
2.8
3.6
3.8
3.6
4.2
5.6
5.6
6.4
7
7.8
8.4
8.6
8.6
9
9.35
9
8.6
9.7
10.05
10.05
10.75
10.05
10.75
13.34
12.85
11.8
9.35
8.6
8.8
9.7
10.05
10.4
10.4
11.8
11.1
9.7
7.8
8.2
7.4
8
7.6
9.35
8.8
8.4
9.35
8.8
9
9.35
10.05
11.1
11.8
13.2
14.25
15.3
16
17.35
17.8
23.93
36.04
37.1
35.75
27.9
26.5
26.5
26.2
24.7
23.5
22
20.25
22.32
22
21.5
21
21.5
22.5
51.75
32.1
32.45
33.95
30
27.55
30
27.2
32.27
33.5
32.1
32.45
28.25
27.2
27.2
26.85
26.2
26.85
27.9
25
24.1
24.4
23.5
23.25
22.5
21.5
21.25
22
26.99
27.27
24.7
22
21.25
20.75
20.75
20.75
20.5
26.3
27.87
21.5
20.75
20.25
19.75
19
18.5
17.9
17.9
17.7
17.1
15.9
15.45
15
14.8
14.6
14.5
14.6
14.4
14.4
14.4
14
11.96
9.92
7.88
5.84
3.8
1.78
1.71
1.64
1.57
1.5
1.43
1.37
1.3
1.23
1.16
1.09
1.02
0.95
0.88
0.87
0.87
0.86
0.85
0.85
0.84
0.83
0.82
0.82
0.81
0.8
0.8
0.8
0.78
0.78
0.77
0.76
0.75
0.75
0.74
0.73
0.73
0.72
0.71
0.71
0.7
0.69
0.69
0.68
0.68
0.68
0.68
0.67
0.67
0.66
0.65
0.64
0.64
0.63
0.62
0.62
0.61
0.6
0.6
0.59
0.58
0.57
0.57
0.56
0.55
0.55
0.54
0.53
0.53
0.52
0.51
0.5
0.5
0.49
0.48
0.48
0.47
0.46
0.46
0.45
0.44
0.43
0.43
0.42
0.41
0.41
0.4
0.39
0.39
0.38
0.37
0.36
0.36
0.35
0.35
0.39
0.43
0.47
0.52
0.55
0.59
0.62
0.65
0.69
0.72
0.75
0.79
0.82
0.85
0.88
0.92
0.95
0.98
1.02
1.05
0.98
0.98
0.98
0.98
1.1
1.2
1.4
1.45
1.4
1.2
1.25
1.25
1.2
1.25
1.3
1.25
1.3
1.3
1.35
1.35
1.45
1.95
1.8
1.65
1.65
1.8
1.95
1.95
1.95
1.65
1.8
2.1
2.1
1.95
1.8
1.8
1.8
1.8
1.8
1.65
1.8
1.8
1.8
1.8
1.8
1.95
1.95
1.95
1.95
1.95
1.95
1.65
1.45
1.45
1.45
1.5
1.65
1.8
2.1
2.1
2.25
2.4
2.85
2.7
2.55
2.55
2.85
2.85
2.85
3.25
3.25
3.25
3.25
2.85
3.5
3.5
3.25
3
2.85
3.25
3.25
3
3.5
3.5
3.5
3.5
3.75
4
3.75
3.5
4
4
4
4.75
5
4
3.5
3.25
3.5
4
3.75
4
4
3.75
3.75
2.85
3
3.25
3.5
3.5
3.25
2.85
2.55
2.55
2.55
2.4
2.4
2.4
2.4
2.7
2.4
2.4
2.4
2.4
2.4
2.55
2.7
2.7
2.85
3
2.85
3.25
3.25
3.25
3.25
3.25
3.25
3.25
3.5
3.25
3.75
3.75
3.75
4.25
4.25
4
5
5
5.5
5.5
6.7
6.7
7
7.3
7.3
7.9
8.2
8.5
8.5
8.2
8.5
8.5
8.5
9.55
9.55
10.25
10.25
10.95
10.95
10.95
11.65
11.65
12.4
8.85
11.65
12
10.95
10.6
14
18.03
16.45
15.6
19.6
18.25
15.6
13.6
12
9.9
11.3
21.77
27.15
29.9
35.95
40.9
47.75
49.2
54.09
46.86
38.7
33.75
28.25
25
21.5
19.6
17.8
17.35
23.65
25.09
26.05
19.6
18.7
16.45
16.45
16.9
16.45
15.2
14.8
14.4
12.8
9.9
7.9
13.07
8.85
14.4
19.15
17.35
14
10.25
7
6.1
5.5
5.5
4.5
4
3.5
3.5
3.25
2.85
2.85
2.55
2.4
2.25
2.25
2.25
2.1
2.4
2.25
1.35
1.3
1
1
1
1
1
1
1
1
1
1
1
1
1
1
1
1
1
1
1
1
23.14
5.44
2.55
0.94
0.97
1
1.03
1.06
1.09
1.06
1.02
0.99
0.95
0.91
0.88
0.84
0.81
0.77
0.73
0.7
0.66
0.63
0.59
0.55
0.52
0.48
0.45
0.48
0.37
0.34
0.3
0.27
0.33
0.19
0.16
0.12
0.09
0.04
0
0
0
0
0
0
0
0
0
0
0
0
0
0
0
0
0
0
0
0
0
0
0
0
0
0
0
0
0
0
0
0
0
0
0
0
0
0
0
0
0
0
0.07
0.07
0.08
0.08
0.08
0.08
0.08
0.09
0.09
0.09
0.09
0.09
0.1
0.1
0.1
0.1
0.1
0.11
0.11
0.11
0.14
0.16
0.19
0.22
0.25
0.27
0.3
0.33
0.36
0.38
0.41
0.44
0.48
0.48
0.52
0.6
0.72
0.8
1.04
1.36
1.68
5.52
19.81
22.6
4.6
3.56
3.8
3.8
3.92
4.04
6.2
7.04
5.6
5
4.6
4.28
4.04
3.8
3.32
2.64
2.48
2.32
2.16
2.16
2
2
2
2.08
2.08
2.24
2.24
2.16
2.08
2
2.08
2
1.92
2.24
2.56
4.07
4.16
6
6
2.56
2.08
2
2
2
2.48
2.56
2.24
2.24
2.32
2.24
2.32
2.32
2.4
2.4
2.4
2.32
2.4
2.32
2.4
2.32
2.4
2.48
2.4
2.56
2.48
2.48
2.48
2.48
2.48
2.4
2.48
2.4
2.32
2.32
2.4
2.32
3.04
3.2
3.12
3.32
3.56
3.56
3.68
3.68
3.68
3.68
3.8
3.68
3.8
3.92
3.8
3.92
4.04
4.04
4.16
4.16
4.04
4.04
4.28
4.16
4.4
4.4
4.6
4.6
4.6
4.6
4.4
4.4
4.4
4.6
4.6
4.8
4.8
5.2
5
5
5.4
5.6
5.2
5.2
5
5.4
5.4
5.4
5.4
5.2
5
5
5.4
5.6
5.8
6.72
20.67
24.83
18.68
19.2
19.2
20.56
20.56
19.88
17.64
15.04
13.12
13.12
20.56
34
33.92
29.52
28.64
65.7
45.44
45.44
45.44
46.48
56
58.4
59.6
59.6
63.2
60.8
62
59.6
63.2
64.4
66.8
88.3
71.6
64.4
48.56
46.48
38.64
34.8
33.04
74.58
63.95
44.4
39.6
39.6
42.48
39.6
33.92
30.76
34.8
30.4
28.64
27.76
32.16
33.04
47.52
43.44
36.72
34.81
26.88
19.88
17.64
15.56
15.04
14
14
14
14
12.68
12.24
10.48
9.28
8.32
7.36
6.72
6.2
6.2
6.2
5.8
5
4.6
4.28
4.28
4.28
3.8
2.96
2.16
2
1.76
1.84
1.76
1.52
2.24
2.24
2.24
1.04
0.96
0.8
0.8
0.8
0.8
0.8
0.8
0.88
0.8
0.88
0.96
0.88
0.8
0.8
0.88
0.8
0.8
0.76
0.76
0.76
0.72
0.76
0.72
0.68
0.68
0.68
0.68
0.64
0.68
0.64
0.68
0.72
0.72
0.72
0.76
0.76
0.96
1.95
1.36
0.72
0.76
0.8
0.88
0.96
0.76
0.72
0.68
0.68
1.2
0.72
0.72
0.72
0.64
0.64
0.64
0.64
0.64
0.6
0.6
0.56
0.64
0.6
0.6
0.64
0.64
0.68
0.72
0.76
0.76
0.8
0.8
0.88
0.88
0.88
0.96
0.88
0.88
0.8
0.68
0.56
0.52
0.48
0.48
0.44
0.44
0.44
0.48
0.48
0.48
0.48
0.48
0.48
0.52
0.52
0.52
0.52
0.52
0.52
0.6
0.52
0.69
0.69
0.69
0.35
0.29
0.29
0.35
0.35
0.43
0.43
0.52
0.52
0.52
0.52
0.6
0.6
0.6
0.6
0.69
0.69
0.69
0.69
0.69
0.69
0.6
0.6
0.52
0.6
0.69
0.69
0.77
0.86
0.86
0.86
0.77
0.77
0.86
0.86
0.86
0.86
0.94
0.94
1.11
1.03
1.03
1.03
1.35
1.5
1.65
1.8
1.65
1.2
1.03
1.03
1.35
1.5
1.35
1.5
1.5
1.95
1.95
2.1
1.95
1.8
1.8
1.95
2.1
2.1
2.1
1.95
1.8
1.65
1.2
1.35
1.35
1.35
1.35
1.35
1.35
1.35
1.35
1.35
1.35
1.5
1.35
1.5
1.65
1.95
1.8
1.65
1.8
1.8
1.95
1.65
1.65
1.65
1.65
1.65
1.95
1.95
2.55
2.4
1.5
1.35
1.95
2.55
1.95
1.65
2.1
1.95
1.95
1.95
1.8
1.95
2.1
2.1
2.1
2.25
2.1
2.25
2.1
2.1
2.25
2.1
2.25
2.25
2.25
2.4
2.55
2.55
2.7
2.7
3.14
3.58
3.58
3.8
4.02
4.02
4.02
4.24
4.68
4.68
4.9
4.9
4.68
4.68
4.46
4.46
4.46
4.46
4.02
3.58
3.14
2.7
2.55
2.55
2.55
2.55
2.55
2.4
2.55
2.55
2.7
2.4
2.4
2.55
2.55
2.7
2.7
2.55
2.25
2.25
2.25
2.55
2.55
2.55
3.58
4.02
4.02
4.24
4.46
4.24
4.46
12.7
5.52
5.21
5.21
4.46
4.68
4.68
5.21
4.9
4.68
5.21
5.21
5.21
6.45
6.45
7.07
7.07
7.07
7.07
6.76
7.07
7.38
7.07
5.52
3.8
2.7
2.1
1.8
1.65
2.1
1.8
1.8
1.8
1.8
1.8
1.5
1.5
1.65
1.5
1.03
0.77
0.69
0.86
0.69
0.52
0.52
0.5
0.48
0.46
0.45
0.43
0.41
0.39
0.37
0.35
0.34
0.32
0.3
0.28
0.26
0.24
0.23
0.21
0.19
0.17
0.15
0.13
0.1
0.1
0.09
0.09
0.08
0.08
0.08
0.07
0.07
0.07
0.06
0.06
0.05
0.05
0.05
0.04
0.04
0.04
0.03
0.03
0.03
0.03
0.03
0.02
0.02
0.02
0.02
0.02
0.01
0.01
0.01
0.01
0.01
0.01
0
0
0
0
1.26
1.15
1.03
0.92
0.8
0.69
0.58
0.46
0.35
0.23
0.12
0
0
0
0
0
0
0
0
0
0
0
0
0
0
0
0
0
0
0
0
0
0
0
0
0
0
0
0
0
0
0
0
0
0
0
0
0
0
0
0
0
0
0
0
0
0
0
0
0
0
0
0
0
0
0
0
0
0
0
0
0
0
0
0
0
0
0
0
0
0
0
0
0
0
0
0
0
0
0
0
0
0
0
0
0
0
0
0
0.01
0.04
0.07
0.1
0.13
0.17
0.2
0.23
0.26
0.29
0.33
0.36
0.39
0.42
0.45
0.49
0.52
0.55
0.55
0.56
0.56
0.57
0.58
0.58
0.59
0.59
0.6
0.6
0.61
0.61
0.62
0.62
0.63
0.63
0.64
0.74
0.84
1.85
1.45
1.45
1.85
2.3
2.3
2.3
2.3
6.35
5.6
6.8
13.48
5.6
5.6
6.4
6.4
5.6
5.6
5.6
6.8
5.9
5.9
5.9
5.2
5.9
5.9
5.6
5.2
4.7
4
4
4.4
3.1
2.5
2.5
2.8
2.5
3.4
2.3
5.6
3.4
2.8
2.3
1.85
1.85
1.75
1.75
1.75
1.75
1.45
1.3
1.3
1.15
1
1.15
1.15
0.84
0.84
0.74
0.74
1.15
1
0.84
0.84
0.84
1.3
1.75
1.75
1.85
1.85
1.75
1.75
1.85
2.05
2.05
2.3
3.1
3.7
4
4.7
5.2
5.2
5.6
5.9
6.8
6.8
7.2
7.2
8.39
2.5
2.9
2.9
3.65
4
4.4
4.4
4.8
4.8
4.4
3.65
3.65
3.3
2.5
2.5
2.5
2.9
2.9
2.5
2.5
2.5
2.5
3.3
4
4
5.4
3.3
28.57
15.84
8.6
7.5
8
7.5
7
7
7.5
7.5
10.05
10.8
8.6
8.6
9.2
12
19.5
17.75
16
16
15
13.5
12
8.6
7.5
7.5
8
80.72
78.65
51.77
24.5
15
10.05
8
8
8
7
4.8
4
2.5
2.5
2.9
2.5
2.5
2.9
4.4
4
3.65
2.5
3.65
3.65
3.65
5.9
5.6
4.7
4
3.1
2.5
1.85
1.69
1.54
1.38
1.23
1.07
0.91
0.76
0.6
0.45
0.29
0.28
0.27
0.26
0.25
0.24
0.23
0.22
0.22
0.21
0.2
0.19
0.18
0.17
0.16
0.15
0.14
0.13
0.12
0.11
0.1
0.09
0.08
0.08
0.07
0.06
0.05
0.04
0.04
0.04
0.04
0.04
0.04
0.03
0.03
0.03
0.03
0.03
0.03
0.03
0.03
0.03
0.03
1.44
1.84
0.83
0.03
0.02
0.02
0.02
0.02
0.02
0.02
0.02
0.02
0.02
0.01
0.01
0.01
0.01
0.01
0.01
0.01
0.01
0.01
0.01
0
0
0
0
0
0
0
0
0
0
0
0
0
0
0
0
0
0
0
0
0
0
0
0
0
0
0
0
0
0
0
0
0
0
0
0
0
0
0
0
0
0
0
0
0
0
0
0
0
0
0
0
0
0
0
0
0
0
0
0
0
0
0
0
0
0
0
0
0
0
0
0
0
0.07
0.13
0.19
0.26
0.32
0.38
0.45
0.51
0.57
0.64
0.7
0.76
0.82
0.89
0.95
0.95
0.95
0.98
1.01
1.05
1.11
1.11
1.08
1.05
1.01
1.05
0.98
0.98
0.98
0.98
1.01
0.98
0.98
1.01
1.01
1.14
1.14
1.17
1.26
1.29
1.32
1.35
1.41
1.41
1.52
1.74
1.63
1.52
1.52
1.57
1.63
1.63
1.52
1.63
1.63
1.63
1.63
1.57
1.57
1.57
1.63
1.57
1.52
1.46
1.57
1.79
1.85
1.68
1.98
1.98
1.98
1.98
1.98
1.9
1.9
1.85
1.85
1.9
1.9
2.06
2.06
2.06
1.98
1.9
1.9
1.9
1.9
1.85
1.9
1.9
1.9
1.9
1.9
1.98
1.9
1.9
1.79
1.79
1.74
1.79
1.85
1.85
1.79
1.79
1.79
1.74
1.85
1.85
1.85
1.85
1.9
1.85
1.79
1.74
1.68
1.68
1.74
1.63
1.57
1.41
1.35
1.41
1.41
1.41
1.46
2.14
2.22
2.22
2.22
2.3
2.97
2.79
2.79
2.79
2.88
2.97
2.88
2.7
2.54
2.14
2.06
2.22
2.38
2.54
2.7
3.15
4.08
3.84
3.51
2.79
2.3
1.98
1.98
2.14
2.3
2.46
2.54
2.54
2.7
6.45
4.56
4.32
4.08
3.72
3.6
3.42
3.24
3.06
3.15
2.97
2.7
2.88
3.21
4.2
3.42
3.15
2.97
2.97
2.88
2.7
2.62
2.54
2.54
2.46
2.38
2.22
2.06
1.98
1.68
1.63
2.31
1.98
1.85
1.57
1.41
1.32
1.32
2.19
1.68
1.52
1.46
1.46
1.41
1.41
1.35
1.32
1.32
1.32
1.29
1.29
1.23
1.14
1.05
0.98
0.9
0.81
0.73
0.65
0.57
0.48
0.4
0.32
0.23
0.15
0.07
0.07
0.06
0.06
0.06
0.06
0.05
0.05
0.05
0.04
0.04
0.04
0.03
0.03
0.03
0.03
0.02
0.02
0.02
0.01
0.01
0.01
0
0
0
0
0
0
0
0
0
0
0
0
0
0
0
0
0
0
0
0
0
0
0
0
0
0
0
0
0
0
0
0
0
0
0
0
0
0
0
0
0
0
0
0
0
0
0
0
0
0
0
0
0
0
1.17
0.98
0.78
0.59
0.39
0.2
0
0
0
0
0
0
0
0
0
0
0
0
0
0
0
0
0
0
0
0
0
0
0
0
0
0
0
0
0
0
0
0
0
0
0
0
0
0
0
0
0
0
0
0
0
0
0
0
0
0
0
0
0
0
0
0
0
0
0
0
0
0
0
0
0
0
0
0
0
0
0
0
4.52
1.8
1.5
1.2
1.2
1.2
1.2
1.2
1.2
1.3
1.2
1.2
1.2
1.2
1.4
1.2
1.2
1.2
1.2
1.2
1.4
1.3
1.3
1.5
1.4
1.5
1.4
1.2
1.3
1.6
1.6
1.6
1.8
1.8
1.7
1.8
2.2
2
1.8
2.2
2
2
1.9
1.9
1.9
1.8
1.8
1.9
1.8
1.8
2
5.1
3.2
2.5
2.5
2.5
2.5
2.4
2.8
2.9
2.8
3
3.1
4.2
3.9
3.4
3.5
3.2
3.9
5.06
4.2
3.9
3.4
3.2
3.4
3.2
3.1
2.9
2.6
2.5
2.5
2.5
2.5
2.3
2.4
2.4
2.6
2.4
2.3
2.3
2.3
2.2
2.3
2.3
2.4
2.3
2.2
2.3
2.3
2.4
2.3
2.4
2.4
2.2
2.5
2.5
2.8
3.1
3.1
3.2
3.2
3.4
3.2
3.5
3.5
3.6
3.8
3.8
3.8
3.6
3.6
3.5
3.8
3.8
3.8
3.8
3.9
3.8
3.8
4.9
4.9
5.2
5.8
5.6
5.8
5.6
6
10
9.7
9.4
8.5
7.9
12.4
13.1
12.1
10.3
8.5
7.9
9.7
12.8
14.2
11.4
9.4
7.6
14.44
22.3
19.8
22.1
19.4
19.8
22.6
20.8
20.3
20.8
20.8
19.8
18.5
16.3
19.8
25.64
39.23
33.5
31.8
28.4
22.1
20.5
19.4
18
18.5
17.6
16.7
16.3
16.3
16.7
16.7
15.5
17.2
15.9
14.1
13.1
12.4
12.8
13.5
11.7
11
10
9.4
8.5
7.3
6.7
6.3
5.8
5.4
5.2
4.9
4.1
3.8
3.8
3.5
3.6
3.5
3.5
2.8
2.2
2
2
2
2.1
1.9
2
1.8
1.9
1.8
2.2
2
2
2
1.9
1.7
1.6
1.4
1.3
1.2
1
0.9
0.7
0.6
0.5
0.32
0.31
0.31
0.3
0.3
0.29
0.28
0.28
0.27
0.27
0.26
0.26
0.25
0.24
0.24
0.23
0.23
0.22
0.21
0.21
0.2
0.2
0.19
0.18
0.18
0.17
0.17
0.16
0.15
0.15
0.14
0.14
0.13
0.13
0.12
0.11
0.11
0.1
0.1
0.09
0.09
0.08
0.08
0.08
0.08
0.07
0.07
0.07
0.06
0.06
0.06
0.06
0.05
0.05
0.05
0.05
0.04
0.04
0.04
0.04
0.03
0.03
0.03
0.03
0.02
0.02
0.02
0.02
0.01
0.01
0.01
0.01
0.01
0.01
0.01
0.01
0.01
0.01
0.01
0.01
0.01
0.01
0.01
0.01
0.01
0.01
0.01
0.01
0.01
0.01
0
0
0
0
0
0
0
0.1
0.1
0.1
0.1
0.2
0.2
0.2
0.3
0.3
0.3
0.3
0.4
0.4
0.4
0.5
0.5
0.5
0.5
0.6
0.6
0.6
0.7
0.7
0.7
0.8
0.8
0.8
0.8
0.9
0.9
0.9
1
1
1
1
1.1
1.1
1.1
1.2
1.2
1.2
1.2
1.3
1.3
1.3
1.3
1.3
1.4
1.4
1.4
1.4
1.5
1.5
1.5
1.5
1.6
1.6
1.6
1.6
1.7
1.7
1.7
1.7
1.8
1.8
1.8
1.8
1.9
1.9
1.9
1.9
6.1
2
2
2
2
2.1
2.1
2.1
2.1
2.2
2.2
2.2
2.3
2.3
2.3
2.3
2.4
2.4
2.4
2.4
2.5
2.5
2.5
2.5
2.6
2.6
2.6
2.6
2.7
2.7
2.7
2.7
2.8
2.8
2.8
2.8
2.9
2.9
2.9
3
3
3
3
3.1
3.1
3.1
3.1
3.2
3.2
3.2
3.2
3.3
3.3
3.3
3.3
3.4
3.4
3.4
3.4
3.5
3.5
3.5
3.6
3.6
3.6
3.6
3.7
3.7
3.7
3.7
3.8
3.8
3.8
3.8
3.9
3.9
3.9
3.9
4
4
5
4
4
9
10
10.8
11.2
15.1
24.1
25.1
23.7
24.4
25.1
25.1
25.8
26.5
27.4
29.9
39
46.1
48.3
46.1
42
40
36
35
78.9
62
59.6
51.6
58.4
45
48.3
51.6
51.6
57.2
82.3
110.7
143
131.2
156.7
211.2
146.6
116.7
103.7
110.9
110.9
148.9
131.2
90.9
88.3
85.7
85.7
83.1
85.7
85.7
85.7
89.6
110.9
163
95.8
68.7
60.3
60.3
55
55
56.3
60.3
60.3
56.3
52.5
47.5
47.5
45
47.5
46.3
42.6
42.6
41.4
40.2
35.4
35.4
33
31
27
23
25
25
24
23
21.3
21.3
40
56.6
39
28
19.6
19.6
11
7.5
4.5
4.5
4.5
4.5
4.5
4.5
4.5
4.4
4.4
4.4
4.4
4.4
4.4
4.4
4.4
4.4
4.4
4.4
4.3
4.3
4.2
4.1
4
3.9
3.8
3.7
3.7
3.6
3.5
3.4
3.3
3.2
3.1
3.1
3
2.9
2.8
2.7
2.6
2.5
2.5
2.4
2.3
2.2
2.1
2
1.9
1.9
1.8
1.7
1.6
1.5
1.4
1.3
1.2
1.2
1.1
1
0.9
0.8
0.8
0.8
0.8
0.8
0.7
0.7
0.7
0.7
0.7
0.7
0.7
0.6
0.6
0.6
0.6
0.6
0.6
0.6
0.5
0.5
0.5
0.5
0.5
0.5
0.5
0.5
0.4
0.4
0.4
0.5
0.5
0.5
0.5
0.6
0.6
0.6
0.6
0.6
0.7
0.7
0.7
0.7
0.7
0.8
0.8
0.8
0.8
0.8
0.8
0.8
0.8
0.9
1
1
1
1.1
1.1
1.1
1.1
1.1
1.1
1.2
1.1
1.2
1.2
1.1
1.1
1.1
1.3
1.3
1.4
1.4
1.6
2
2
1.8
1.7
1.8
2
2.1
2
2.1
2
2.1
2.1
2.2
2.1
2.4
2.4
2.5
2.5
2.5
2.5
2.5
2.6
2.5
3
3.1
3
3.1
3
2.8
2.8
2.9
2.8
3
2.9
3
3
2.9
2.9
2.9
2.8
3
3
3.4
3.3
3.2
3.2
3.4
3.3
3.6
3.4
3.6
3.6
3.8
3.7
3.7
3.5
3.4
3.3
4
4.1
4.1
5.2
4.8
4.2
4
4
4.2
4.1
4.1
4.8
4.2
4
3.8
4
4
4.1
4.7
4.3
4.5
4.5
4
3.8
3.9
3.8
3.8
4
4.5
4.1
4.2
3.9
3.8
3.8
3.9
3.9
3.6
3.6
3.7
3.8
3.8
3.8
3.7
3.8
3.6
3.7
4
4.1
4.2
4.2
4.3
4.7
4.6
4.8
4.7
4.2
4.3
4.5
4.8
5.3
7.1
5.4
4.8
4.8
5.1
4.9
5.3
5.7
5.7
5.7
5.6
5.4
5.6
5.8
6
8.1
9.2
10.7
11.5
14.3
27.5
40.9
64.3
63.9
64.9
61.9
47.3
34
30.8
32.9
31.1
29.8
23
21.8
22.1
20.3
18.4
16.8
16
15.8
16.8
19.2
20.9
21.5
22.1
25.2
29.1
40.9
32.6
24.5
30
31.9
27.8
23.6
21.5
18.6
17.8
18.6
18.4
17.5
17.9
19.8
22.1
28.8
26.1
22.7
22.1
20.6
21.2
51.9
61.6
43.4
37.8
36.7
35.2
32.2
34
39.1
35.2
39.3
38.5
44.7
39
35.9
29.8
26.5
24.2
24.5
23.6
40.8
43
28.8
26.1
43.5
33.3
28.8
26.7
24.8
23
27.4
23.6
23
21.5
20
20
43.1
35.7
19.2
17.3
14.3
13.4
12.7
10.5
9.3
8.6
8
7
5.8
5.2
4.8
4.4
4.2
4.1
5.8
5.4
5.2
4.8
4.8
4.1
3.6
2.9
2.7
2.2
1.8
1.4
1.3
1.3
1.2
1.2
1.1
1.1
1
0.9
0.7
2.2
1.3
1.4
1.4
1.4
4.1
2
1.7
2.2
2
1.9
1.9
1.7
1.7
1.4
0.9
0.9
0.9
0.8
0.7
0.8
0.7
0.7
0.6
0.4
0.3
0.3
0.3
0.3
0.3
0.3
0.3
0.2
0.2
0.2
0.1
0.2
0.2
0.2
0.2
0.2
0.1
0.1
0.1
0.2
0.3
0.1
0
0
0.1
0.1
0.1
0.1
0.1
0.1
0.1
0.1
0.1
0.1
0.1
0.1
0.1
0.1
0.1
0.1
0.1
0.1
0.1
0.1
0.1
0.1
0.1
0.1
0.1
0.1
0.2
0.2
0.1
0.1
0.1
0.1
0.1
0.1
0.1
0.1
0.1
0.1
0.1
0.2
0.2
0.2
0.2
0.2
0.2
0.2
0.2
0.2
0.2
0.3
0.4
0.4
0.5
0.5
0.6
0.6
0.7
0.7
0.8
0.8
0.9
0.8
1
0.9
1
1.1
1.1
1.2
1.4
1.6
4.2
4.4
2.9
3.2
5.4
8.2
6.7
7.1
6.4
5.1
4.5
4.6
4.5
4.3
7.5
20.6
8.1
12
10.8
11.3
13.6
11.5
9.9
8.3
7.6
5.2
4.3
4.2
3.8
4
3.8
3.7
3.6
3.5
3.5
3.3
3.3
3.3
3.1
3.1
3.1
3.1
3
2.8
2.8
2.8
3
3.1
3.1
3
3.1
3.1
3.4
3.5
3.6
3.5
3.5
3.3
3.3
3.1
3.1
3.2
3.5
3.3
3.5
3.5
3.5
3.3
3.3
3.2
3.1
3.1
3
3
3
3.1
3.1
3.1
4.6
3.9
4.1
4.4
4.2
4.3
4.2
3.9
4.1
4.1
4.3
4.5
4.7
5.1
5.3
5.1
5.1
4.9
5
5.2
5.5
5.7
5.9
5.6
6
6.2
6.4
6.6
7.1
7.1
8.5
9.7
8.5
7.7
7.4
6.4
6.3
6.3
6.6
6.7
7.7
15.4
22.1
23.3
23.8
25
24.2
24.6
24.6
48
73.8
50.5
46.8
42.8
38.3
33.5
29.9
28.8
27.2
27.7
25.6
26.1
28.3
30.5
31.7
32.9
34.2
31.7
31.1
31.7
43.7
55.1
81.1
89.8
74.3
74.3
63.5
44.1
32.3
28.2
27.2
26.1
32.3
35.5
41.2
59.5
85.9
70.7
62.5
57.2
55.1
56.1
54.2
43.6
37.6
34.8
38.8
79.3
39
34.4
24.1
21.9
22.8
23.7
21.4
31.1
21.1
21.4
21
19
17.5
14.9
12.8
12.5
11.5
12
14.2
12.3
9.9
10.2
7.1
6.7
6.4
6
5.9
5.7
5.6
5.2
4.8
4
3.2
3.1
3
2.9
3
2.8
2.8
2.6
2
1.7
1.7
1.7
1.6
1.6
1.6
1.5
1.6
1.5
1.5
1.5
1.5
1.5
2
1.4
1
0.9
0.8
0.8
0.8
0.7
0.7
0.7
0.6
0.5
1.8
1
0.9
0.8
0.9
0.9
0.8
0.7
0.7
0.7
0.8
0.7
0.6
0.6
0.6
0.4
0.3
0.3
0.3
0.3
0.3
0.4
0.4
0.4
0.4
0.4
0.5
0.5
0.5
0.5
0.5
0.5
0.5
0.4
0.4
0.4
0.4
0.3
0.3
0.3
0.3
0.2
0.2
0.2
0.2
0.1
0.2
0.2
0.2
0.2
0.2
0.2
0.2
0.2
0.2
0.2
0.2
0.2
0.3
0.3
0.2
0.2
0.3
0.2
0.2
0.2
0.2
0.2
0.2
0.1
0.1
0.1
0.1
0.1
0
0
0
0
0
0
0
0
0.86
0.834
0.887
0.834
0.759
0.759
0.712
0.668
0.668
0.626
0.587
0.587
1.03
0.972
0.972
0.915
0.943
0.887
0.915
0.915
0.915
0.887
0.86
0.86
0.86
0.808
0.808
0.808
0.759
0.808
0.86
0.86
0.86
0.834
0.808
0.808
0.759
0.784
0.808
0.808
0.808
0.834
0.86
1.05
0.972
0.972
1.29
1.11
1.74
1.79
1.75
1.39
1.24
1.24
1.31
1.31
1.24
1.24
1.24
1.24
1.24
1.27
1.07
1.03
1.03
1.07
1.03
1.03
0.972
0.972
0.943
0.972
1.07
1.1
1.1
1.1
1.03
1.03
1.03
1.03
1.03
0.972
0.972
0.972
1.7
2.36
2.06
1.73
1.52
1.24
1.07
1.04
1.17
1.03
1.03
0.972
1.1
1.1
1.03
1.1
1.07
1.03
1.13
1.16
1.16
1.16
1.16
1.24
1.24
1.32
1.47
1.61
1.65
1.65
1.56
1.56
1.65
1.65
1.79
1.74
1.65
1.65
1.74
1.74
1.79
2.42
2.17
1.95
1.95
1.89
1.84
1.89
2.06
8.61
42.5
8.17
6.14
4.36
7.88
36.9
13.2
9.28
7.66
8.17
9.34
20.4
12.9
11.1
10.4
10.2
10.4
9.77
9.33
9.33
9.13
6.88
6.51
6.82
4.84
4.62
7.49
17.1
16.8
16.8
17.1
17.5
17.1
17.5
19.7
18.2
17.9
18.2
17.1
15.8
21.3
20.9
20.9
21.3
18.2
14.3
10.2
10.4
7.82
7.47
11.1
18.6
20.1
21
23.9
21.8
19.7
17.1
20.9
21.3
16.8
19.5
19.3
17.1
16.8
16.8
19.7
23.5
26.8
25.3
23.5
24.9
30.5
60.5
30.2
23
21.7
21.3
19.7
19.7
27.8
21.7
22.6
16.8
16.8
16.8
14.9
13.4
15.2
48.6
70.6
73.2
36.5
28.9
24.9
24.9
24.9
14.9
15.2
14.3
14.3
14.4
11.1
8.55
8.17
7.82
8.17
6.51
6.52
6.78
7.3
7.64
5.43
4.68
4.05
3.66
3.57
3.48
2.24
1.74
1.61
1.51
1.43
1.39
1.24
1.24
1.27
1.24
1.24
1.24
1.2
1.16
1.03
0.972
0.972
1
0.972
0.972
0.943
0.915
0.887
0.887
0.887
0.887
0.834
0.834
0.76
0.668
0.626
0.587
0.587
0.587
0.549
0.531
0.514
0.497
0.48
0.465
0.449
0.434
0.419
0.434
0.434
0.419
0.419
0.391
0.391
0.391
0.391
0.352
0.328
0.294
0.254
0.254
0.236
0.228
0.219
0.203
0.203
0.188
0.181
0.181
0.174
0.174
0.174
0.168
0.168
0.149
0.121
0.112
0.098
0.094
0.086
0.083
0.086
0.098
0.107
0.107
0.098
0.098
0.107
0.09
0.09
0.083
0.053
0.048
0.044
0.044
0.042
0.04
0.041
0.041
0.042
0.042
0.043
0.044
0.044
0.045
0.045
0.046
0.046
0.047
0.048
0.048
0.049
0.049
0.05
0.112
0.174
0.236
0.298
0.046
0.045
0.044
0.043
0.042
0.042
0.041
0.04
0.039
0.038
0.037
0.036
0.035
0.034
0.034
0.033
0.032
0.031
0.03
0.191
0.352
0.513
2.63
11.1
3.07
1.93
1.6
1.48
2.94
2.44
2.14
2.07
2
2.15
1.93
2.21
2.01
14
8.36
9.68
11.8
17.5
8.36
6.53
5.04
4.8
4.57
3.6
3.13
3.12
2.94
2.6
2.29
2.29
2.21
2.14
2
1.73
1.87
1.6
2.37
2.29
2.21
2.14
2.14
2.07
2.37
2.44
2.6
2.44
2.37
2.14
2.14
2.07
2
2
2
2
2
2
2
2
2
2
2.07
2.07
2.14
2.29
2.37
2.37
2.44
2.44
2.77
2.37
2.29
2.14
2.22
2.14
2.37
2.44
2.44
2.44
2.44
2.44
2.44
2.44
2.52
2.68
2.86
2.94
2.44
2.44
2.44
2.44
2.44
2.44
2.44
2.44
2.77
2.77
2.77
2.86
2.94
2.77
2.77
2.68
2.77
2.68
2.86
3.03
2.94
3.12
3.12
3.12
3.4
3.5
3.31
3.31
3.5
3.31
3.4
3.31
3.31
3.31
3.21
3.03
3.03
3.12
3.31
3.12
2.94
2.94
3.12
3.03
3.31
3.4
3.5
3.6
3.7
3.6
3.7
3.7
3.7
3.81
4.36
5.16
4.92
5.04
5.04
4.8
4.45
4.01
3.91
3.91
3.7
3.7
4.34
4.68
4.8
4.68
4.8
4.57
5.04
5.55
5.82
7.24
7.86
9.2
10.1
10.5
10.6
11.1
9.03
9.74
9.92
9.92
13.8
19
53.3
46.4
43.3
58
44.3
41.7
35
57.9
43.8
46.7
54.5
56
49.5
47.5
47
46.1
56.5
52.4
49
46.1
45.7
44.8
47
44.8
41.2
37.4
32.3
30.4
29.7
28
26.3
24.6
22.2
21.3
18.5
28
28
31.1
25.2
20.7
22.9
19.3
23.6
18.8
12.9
10.9
9.22
8.52
8.53
6.36
6.08
5.42
5.29
5.29
4.95
3.81
3.5
3.4
3.12
2.94
2.94
1.73
1.42
1.22
0.966
0.757
0.645
0.577
0.577
0.513
0.513
0.484
0.348
0.348
0.324
0.301
0.28
0.28
0.24
0.28
0.324
3.31
1.49
0.928
0.889
0.85
0.834
0.818
0.802
0.786
0.77
0.754
0.738
0.722
0.705
0.689
0.673
0.657
0.641
0.625
0.609
0.593
0.577
0.561
0.545
0.529
0.513
0.497
0.481
0.465
0.448
0.432
0.416
0.4
0.384
0.368
0.352
0.336
0.32
0.307
0.293
0.28
0.266
0.253
0.24
0.226
0.213
0.199
0.186
0.173
0.159
0.146
0.133
0.119
0.106
0.092
0.079
18.8
1.73
0.912
0.227
0.284
0.203
0.169
0.153
0.185
0.153
0.113
0.079
0.09
0.09
0.101
0.101
0.079
0.062
0.045
0.045
0.022
0.014
0.014
0.011
0.014
0.014
0.014
0.008
0.014
0.014
0.037
0.037
0.047
0.064
0.1
0.1
0.118
0.16
0.185
0.185
0.211
0.211
0.241
0.241
0.241
0.344
0.289
0.272
0.241
0.241
0.241
0.272
0.272
0.272
0.329
0.428
0.503
0.61
0.695
0.695
0.695
0.759
0.759
0.759
0.695
0.695
0.695
0.695
0.635
0.635
0.635
0.607
0.578
0.578
0.578
0.635
0.635
0.635
0.695
0.695
0.635
0.665
0.665
0.665
0.578
0.578
0.578
0.635
0.635
0.578
0.635
0.635
0.695
0.695
0.695
0.695
0.695
0.635
0.578
0.578
0.91
1.52
0.943
0.9
0.9
1.87
3.48
3.94
3.94
3.94
3.19
2.63
2
1.93
1.87
1.99
1.99
2.12
1.99
2.12
1.99
2.13
1.93
2.06
2.06
2.33
2.26
2.4
2.47
2.54

