0
0
0
0
0
0
0
0
0
0
0
0
0
0
0
0
0
0
0
0
0
0
0
0
0
0
0
0
0
0
0
0
0
0
0
0
0
0
0
0
0
0
0
0
0
0
0
0
0
0
0
0
0
0
0
0
0
0
0
0
0.239660564
0
0
0.128456469
0
0.006674474
0.729914581
0.74775494
0.428026979
0.090512176
0.330528198
0.429840863
0.458474373
0.503908238
0.468973817
0.563380577
0.525443556
0.489783496
0.515145158
0.637672396
0.691397538
0.925634363
0.998214596
1.347150055
1.41499457
1.186234073
0.78550449
0
0
0
1.043313333
1.495485634
1.642424368
2.121215475
2.182941432
1.943067649
2.307126536
2.559572715
2.68347988
2.840578961
3.271681644
3.058064071
3.038945488
2.740363748
3.406306231
3.126971925
3.546806636
3.401135686
2.400557095
3.047600758
3.300442156
3.281398025
2.926249194
3.105296324
3.287896166
3.066911385
3.201475439
3.53557679
3.481902575
2.869095617
3.323612672
3.636497743
4.25011078
4.385233474
4.734266882
4.142522196
3.582315416
2.798332272
3.1711567
3.295294023
3.628015501
3.293216258
3.524366
3.321712462
3.390892907
3.581729911
4.242992972
4.122151919
4.140659492
4.399256167
4.761934063
5.222941805
5.4845201
5.643323895
5.551582098
5.175773276
5.485371352
4.903120221
4.968679435
5.451118006
5.283048223
5.239615559
5.256996072
5.747508165
5.868018826
6.84412596
6.671151249
6.100596724
6.631866933
6.554023253
5.880723855
5.254975379
5.453500975
6.13917889
6.436799964
6.636710644
6.64919988
6.548451013
6.812828142
7.161513729
7.395106066
7.213648877
7.222589934
7.093646717
6.785956666
7.240483341
7.247760412
7.487086883
7.673352998
7.829608683
7.926331648
8.181701163
8.640669379
9.007682158
8.789886697
8.894867453
8.107379652
8.021673857
8.090411333
8.343159896
8.565591296
8.906999113
9.176154137
9.030799348
8.765278164
8.418832183
8.813109757
8.741360378
8.564897231
8.611130266
10.04188567
10.17307162
9.347218509
8.787424636
8.486592494
8.07618672
8.167324893
8.8754859
9.285835308
9.005077595
8.256686036
8.59990256
8.284629547
7.343625918
7.601478032
7.632998608
7.606068559
8.064675249
8.751277183
9.212958934
8.418551089
8.089188349
7.893491199
7.863706437
8.095667011
8.47984678
7.98787194
8.05917135
7.566952031
6.73408306
6.399373554
6.76600209
7.183598749
7.59461303
7.583286503
7.475082779
7.757211111
8.152338894
7.682930556
7.429905641
7.464373682
7.45299299
7.263122819
6.197843963
6.554347332
6.343364435
6.138796007
6.015666859
6.438404133
6.440916122
6.329825529
6.166376164
5.679800337
5.044567532
5.193872651
5.067803152
4.759836497
4.748938114
4.604058188
4.822451878
4.964232733
3.284747821
3.337911641
3.539017037
3.251893136
3.75372286
5.019121384
4.661504826
4.50641499
4.696879979
4.017741059
4.319004482
4.126608014
3.258739621
3.533522822
3.674837786
3.913308918
4.175657004
4.150627404
4.27902766
3.830267047
3.295773793
2.854743576
3.250022901
3.588907199
3.191880672
3.228095033
3.584390817
3.206385716
3.073556014
3.536339831
3.615372247
3.440605232
2.639185574
1.707650931
1.624884162
1.694116034
2.467296311
2.667267133
2.912480502
2.723539734
2.169161875
2.426773446
1.777861224
1.27010054
1.116646173
1.150892576
1.259473047
1.431588482
1.272714641
1.013347835
1.300859643
1.226962118
1.347470088
1.285962502
1.21249372
1.16199599
1.147980973
1.164014594
0.923555107
0.88355357
0.806450604
0.962727305
0.269162057
0.143544095
0.107350123
0.502369067
0.657868953
1.021746058
1.164709655
1.233759059
1.632277137
1.898594704
1.386551002
0.66426376
0.209807434
0
0
0
0
0
0
0
0.374104735
0.462637558
0.557770221
0.52264489
0.270688391
0.105897771
0
0
0.164783193
0.338854969
0.135203767
0.171262751
0.072681916
0.135342459
0.415687402
0.462469844
0.412329868
0.409623402
0.195366683
0.201446761
0.308054244
0.287312894
0.166057458
0.035801079
0
0.130065251
0.145519319
0.055804367
0
0
0
0
0
0
0
0
0
0
0
0
0
0
0
0
0
0
0
0
0
0
0
0
0
0
0
0
0
0
0
0
0
0
0
0
0
0
0
0
0
0.027787036
0.234373129
0
0
0
0
0
0
0
0
0
0
0.076967176
0.057067061
0.063754011
0.13548596
0.522565661
0.597687413
0.843256084
0.487117554
0.365178708
0.550460089
0.568601506
0.903636896
0.756310775
0.723530594
0.690630171
0
0
0
0
0
0.176803601
0.666577647
0.985606532
0.97518902
0.616511049
0.718344778
0.667019795
0.740529512
0.762567267
0.819313612
1.056265316
1.454452453
1.046077192
0.72391027
0.51290203
0.819135387
0.66577628
0.950790278
0.981836814
1.066855929
1.254231546
1.900048582
2.435793417
1.83538235
2.036704123
2.030852458
1.361610088
1.449946189
1.675997003
1.914339575
1.973075318
2.761952382
1.917527854
1.988720924
1.187311022
1.606814803
2.767765077
3.573484181
3.659058142
2.479037408
2.251764272
3.363646868
3.960377875
2.880171899
2.846142785
2.996383053
3.342827899
2.690065556
2.841529643
3.317376689
3.997413865
4.776917519
3.581488976
2.697861527
2.6319014
3.506574595
4.345761788
5.422984358
5.266004434
4.79368138
4.548404106
4.806160815
5.148839506
4.909515881
5.335047997
5.119488612
4.327342251
4.241142675
4.399790974
4.715151607
5.339920364
5.602818304
6.821146532
6.820551049
7.307466048
6.819350242
6.100973474
5.769140402
5.885991899
6.17320301
6.887215871
6.857039711
7.179006238
7.342723364
6.606268851
6.811873641
6.544363575
6.639048562
5.300748157
6.213538489
6.426977
5.75840185
5.894093377
6.132493349
6.756500652
7.508547932
7.199637243
7.316231725
7.438151393
6.581532233
6.499101666
6.565615503
7.227165578
7.49122672
6.850040784
6.438768225
6.334757153
6.164471479
7.011491096
7.421884327
7.76693808
8.370263042
9.05315616
8.01703854
7.806213471
8.794006914
8.775377814
9.016223181
9.599892851
9.489296328
8.933944007
8.874815834
8.982996334
9.370238287
8.81896487
8.515084683
8.796620055
9.29777495
9.000557439
9.04281542
8.698193162
8.478983701
7.384613565
6.64760077
6.973378278
8.106671068
8.249934368
8.346166424
8.704001821
7.816267024
6.963372904
7.317239206
7.078024248
7.750515375
7.875441817
8.146611083
8.615106287
8.664641981
7.572476161
7.809276552
8.193306582
8.316538705
7.0308609
6.926587196
7.461658107
6.847451812
6.95471531
7.034067281
7.293910531
7.530180588
7.004486538
6.688460667
6.816314085
7.251327004
5.950409237
5.44894879
5.886615832
5.994372611
5.583979779
5.769643398
5.616606421
5.494875185
5.783336072
5.339259788
5.505573581
5.652354118
5.775466557
5.729121768
5.755483291
5.592164798
5.822638868
5.260736462
5.203440327
5.207951532
5.104743313
4.857509282
4.776235176
5.474058786
5.684005513
5.314006263
4.927231775
4.957827399
4.686747062
4.948367042
3.581183477
2.984206336
2.969292845
3.145121582
2.875917028
3.247778925
3.329186351
3.070572231
3.316298738
3.338281485
3.410399983
3.295844467
2.589102245
2.789865166
1.782233462
2.28499119
2.25108182
2.122630419
2.328703062
2.664846935
2.181510398
2.541155348
2.77076633
2.712278717
2.667808565
2.284426368
1.919010849
1.815272151
1.848450024
1.896360316
2.345438403
1.828238372
1.847539069
2.19033746
2.145893677
2.086233843
2.137789742
1.93601074
2.140309309
2.081210762
1.671023336
1.476721115
1.093467831
0.335581735
0.674553487
0.920826125
1.138775566
0.999083759
0.813588395
1.120751822
1.218248359
1.490201156
1.663615271
1.484688099
1.413806096
1.08844079
1.040609963
1.428136708
0.903191959
0.754964356
0.73948745
0.753605402
1.010160917
1.12701653
1.39692869
1.146243844
1.134719174
1.019004376
0.660963729
0.60153215
0.264160791
0
0.17300841
0.291789023
0.74985994
0.53865054
0.527011454
0.368993833
0.146845238
0
0
0
0.007492586
0
0
0
0
0
0
0
0
0
0
0
0
0
0
0
0
0
0
0
0
0
0
0
0
0
0
0
0
0
0.181480925
0
0
0
0
0
0
0
0
0
0
0.059608269
0
0
0
0
0
0
0
0
0
0
0
0
0
0
0
0.024325054
0.093797378
0
0
0
0
0
0
0
0.417082464
0.472359256
0.231244667
0.071515964
0.086403605
0.066467295
0.128407476
0.265356861
0.439084506
0
0.002048197
0.152436421
0
0
0
0.356415713
0.361118077
0.136423602
0
0
0.87270397
0.77195155
0.455600531
0.271485971
0.612095623
0.888271642
0.786950289
0.324877375
0.364290005
0.101465708
0.606069116
1.02184437
1.424480856
1.521785658
2.040591596
2.330471201
2.431204098
1.358444993
1.376976361
1.466856962
1.801573192
2.396092608
2.501364123
1.392707759
1.059599766
0.997142292
1.321995484
1.224663287
1.76039904
2.892312564
2.729950213
2.445962837
2.234488446
2.726045887
3.411523143
3.387263895
3.101806796
3.725174718
3.964445825
4.118284462
3.118465031
3.033166832
3.196213803
3.724710074
4.162637768
4.214534917
2.932577689
2.695864641
2.414267646
1.977176741
3.156137842
4.291637744
4.611604744
4.116208973
3.312702792
3.455675658
3.991048383
4.10061447
3.636318489
4.485058143
3.765725515
3.370471969
3.561900546
3.896081005
4.527005202
3.22835062
2.737579032
2.204061626
3.508000255
4.164617871
4.502900991
4.39134633
4.011963879
4.086914357
3.833316411
5.188899463
5.631249425
5.460348443
5.540284103
5.433730567
5.37431529
5.772212769
5.53593798
6.057500608
6.747799002
6.379257944
5.108122186
5.413319793
5.797019943
6.620064963
6.70162278
6.622495236
6.244025151
6.676502188
7.051229201
7.618902272
7.153009935
7.392180016
7.331628505
7.618857089
8.028827476
7.659798907
7.089865539
7.406434367
8.037700572
8.844677146
7.402611997
7.673423799
8.234842575
8.527141816
8.528995352
7.888752661
7.490618818
7.782020789
7.6557999
7.454920395
7.218465406
7.702066649
7.604200821
7.532601059
7.670887119
7.340207144
7.842116136
8.283804915
8.180140859
8.583538389
9.218082237
9.051683548
8.296391212
8.359634176
8.501287859
8.974915167
8.292339155
9.014629531
9.258456728
9.621494814
9.233764833
8.999205485
8.895666709
9.04312341
8.929932058
8.69952972
8.129275445
8.2421947
8.638130172
9.351066194
7.49363958
7.290863654
6.72149298
7.176399401
7.798386355
8.111425449
7.866220671
7.761383811
7.312940874
7.548646589
8.084825526
8.192844677
8.902002501
7.853499161
7.705958986
7.377565795
7.208286194
7.55288214
7.724407459
7.079578493
7.453276574
6.583581551
6.387662635
6.33241286
5.873142435
6.005528785
6.256060402
5.655222854
5.463654439
5.485747067
5.535727806
5.676663691
6.040476798
5.609153273
4.998079895
5.065759522
4.932510799
5.362076011
5.707106011
5.272487793
5.026857316
4.54955919
4.666929614
4.69588682
4.71821687
4.073749189
3.899751591
3.628485403
4.383444671
4.288450795
4.35605567
3.587340842
2.515201544
2.60277758
2.981859067
3.080786665
3.128350273
3.513568907
3.364612992
3.414786997
2.918610587
3.446296064
3.076346799
3.366506298
3.384023933
2.556199792
2.328509171
2.427114266
2.491824951
2.519128771
2.429209453
2.270026641
2.28117754
2.182099964
2.467651139
2.425290613
2.758740531
2.823610331
2.949972644
2.45310854
2.141526032
2.289608068
1.799019501
1.751396029
2.060389445
1.64975416
1.421562362
0.750095999
0.881333208
0.92722828
1.004206201
1.225574599
1.180856653
0.982169567
1.124265307
0.929151693
0.813515212
0.677948116
0.676392562
0.876323587
0.965805943
1.124500495
0.93203627
0.651127397
0.373839843
0.51104517
0
0
0.398131944
0.855033915
1.215791594
1.161955148
0.510408442
0.24255974
0.178230843
0.162672647
0
0
0
0.258484462
0.488822105
0.260838549
0.231768239
0.22966675
0
0
0
0
0
0
0
0
0
0
0
0
0
0
0
0
0
0
0
0
0
0
0
0
0
0
0
0
0
0
0
0
0
0
0
0
0
0
0
0
0
0
0
0
0
0
0
0
0
0
0
0
0
0
0
0
0
0
0
0
0
0
0
0
0
0
0
0
0
0.061149411
0
0
0.359710155
0.144418268
0
0
0
0
0
0
0
0
0
0
0
0
0
0
0
0
0
0
0
0.384758401
0.220431322
0
0.362175647
0.320692499
0.141083502
0.308536364
0.080644124
0
0
0
0
0
0
0.668912517
0.601648173
0.441736109
0.443798013
0.364133093
0.416519292
0.838814462
0.873001103
0.388957435
0.774584801
1.337263906
1.437629458
1.47110939
1.851222274
2.500401154
2.073412202
2.056033445
1.380961033
1.515778488
1.369661693
0.389886647
0.774322548
1.592630939
2.19026908
2.317535176
1.934436697
1.904975594
2.253271713
2.15866682
1.595030157
1.948631326
2.180922803
2.094818391
2.234527636
1.564124222
1.575570219
1.162009296
1.559640768
1.747202251
2.444160008
2.910404862
3.49546545
2.339518656
2.546092525
2.396719781
2.653817651
2.773236845
2.891783488
3.449550063
3.803602213
3.901934201
3.398514317
2.802159656
3.085605482
3.125669944
2.511224545
3.321400436
3.823122744
4.003724678
4.155673725
4.801026506
5.143429958
5.205274523
4.855695915
5.44832244
4.176026881
4.633915346
4.811344705
4.520119258
4.04025362
4.956760843
5.163646192
5.10906207
5.355729672
5.761239422
5.604885775
5.761806985
6.039812188
6.145466135
6.193869677
6.108374372
5.238521658
5.131914753
4.975062469
5.514576369
5.627112588
6.163377268
6.011901664
6.205115528
6.453711491
6.411671578
6.732706476
6.977129338
6.950334472
7.489292393
8.360348438
7.682981918
7.980443694
7.485055822
7.757522966
7.202201845
7.774249104
8.045089063
7.633704242
6.622487155
6.368981044
6.527037248
7.13686625
8.079518641
7.664499121
7.934025542
7.474301142
7.850293977
7.744227691
7.430711413
7.831433887
7.973366184
8.669002505
8.211146456
8.244842556
8.54313293
8.570669392
9.097524257
8.381287093
8.960584366
7.719282726
6.621926182
6.874765046
7.409605902
7.95889256
7.653344238
7.075973862
6.858655551
7.237136821
6.606087323
5.46606093
5.798581786
5.81334869
6.950940091
7.405714835
7.270293824
7.505614475
6.969702254
6.891351176
6.947192471
7.222135494
7.181238538
7.32981728
7.369550452
6.758520548
6.444104554
6.502169489
5.472843732
5.389353211
5.298025471
5.564575821
5.151030419
5.670296276
5.659795966
4.97227315
4.744926799
5.009949428
5.057739078
5.450276097
5.545002939
5.086360371
5.152875032
5.211879086
5.392827781
5.316662707
5.30099401
5.124707421
4.630267219
4.14255861
4.489202869
4.292907471
4.492661206
4.412131401
4.167695547
4.448503834
4.573717688
3.682537977
3.902248352
3.539644269
3.065341881
2.90479191
2.73995332
2.777638021
2.839612961
3.081191717
2.927154088
2.688398576
2.029817353
2.171586144
2.959703849
3.489737994
3.129123199
2.84093536
2.74742925
2.941699816
2.630964403
2.068432189
2.457971853
2.812016164
2.607536778
2.822090223
2.941640293
3.062431457
2.826446225
2.791733316
2.705224572
2.782560299
1.9901385
1.89819037
2.021534439
2.034444514
1.735980922
1.286269963
1.229462415
1.503657874
1.435996328
1.437279016
1.506151706
1.474507858
0.870959878
1.042323962
1.12231707
1.362703243
1.374306507
1.248657887
1.356596959
1.229973707
0.939771941
0.917416151
1.013444237
1.19268853
1.492263326
1.41074484
1.416605891
0.323821016
0.508823286
0.059688067
0
0
0
0
0
0
0.211096433
0.067131553
0
0.045226266
0
0
0.160692181
0
0
0
0.292127676
0.199325578
0.533241939
0.623497636
0.655093809
0.152940803
0
0
0
0
0
0
0
0
0
0
0
0
0
0
0
0
0
0
0
0
0
0.114153728
0
0
0
0
0
0
0
0
0
0
0
0
0
0
0
0
0
0
0
0
0.202113981
0
0
0
0.383966804
0
0
0
0
0
0
0
0
0
0
0
0
0
0
0
0
0
0
0
0
0
0
0
0.146862255
0.437303076
0.508276316
0.482726895
0.200493218
0.585903091
0.422715794
0.24810008
0.152469091
0.404205608
0.267409718
0.146116461
0.009653146
0
0
0
0
0
0
0
0.319147872
0.362761367
0.089987377
0
0
0
0
0.405518087
0.618829556
0.930529496
1.17900736
1.380230796
1.422390024
1.626656212
2.433568685
1.890296253
1.848509214
1.903865727
1.813995887
2.069759406
1.738632263
1.546327262
1.397826885
1.969523583
1.851463828
1.369850066
1.08177808
1.372104859
2.268098937
2.875014559
3.064002209
3.382765136
3.90214515
3.094243692
2.007771392
1.819015811
1.427782503
2.023371993
2.153355137
1.89766176
1.658536988
1.841213459
1.824487064
1.856328886
2.894229906
3.523928472
2.471687345
2.468816482
2.500058369
2.682388651
2.126247029
2.172547896
2.821550481
3.099440432
3.434009798
3.624236303
3.090663272
2.71789051
3.164641238
4.07692681
4.56784188
4.303421432
4.468148964
4.415960814
3.680441048
4.146372374
4.258602848
3.914410626
4.003328438
5.043630379
4.688174994
4.496970395
4.254564495
4.97624505
5.224816928
5.275883899
5.456241769
5.209341459
4.649418291
4.857624761
5.345356193
6.063864513
7.054403124
6.517770344
5.819622614
5.691149048
5.724746649
5.482443817
6.210498882
6.469702798
6.431901332
6.500360381
6.415619879
6.013819825
5.565586169
4.745572369
5.328896305
6.099845159
7.491875399
6.993552907
7.162747395
7.861620669
7.556110941
7.267322878
7.298574387
7.504634645
7.782060361
7.229363278
6.849231516
6.826144681
7.302062737
6.997147483
7.066617237
7.30982776
7.443155662
7.609927658
6.985100107
6.85767591
7.240843107
8.714736704
9.296056741
9.026364688
7.902940569
7.736406676
7.55960532
8.117084957
7.909466145
7.957613509
8.509501169
8.696224253
8.505562556
8.088819761
8.424282676
8.878340465
8.235969932
7.845299398
7.591114713
7.856129919
7.609038326
7.396781923
6.959161635
7.447403727
7.193494495
7.144064955
7.189505904
7.56289082
6.776611065
6.780751614
6.990265229
7.402366016
7.116269366
7.313353994
7.400142116
7.486092293
7.49606381
6.89561549
7.366287411
6.83681203
6.373297818
6.318981539
6.358129124
7.769925572
7.130012936
6.753238115
7.395644957
7.64520161
7.997186534
6.720960954
5.840856197
5.717355458
5.763448719
5.4177554
6.180047937
6.010661124
5.502576479
5.626017004
5.6406677
5.681787987
5.861301779
5.340824616
5.374021949
5.185217938
5.424252328
5.837737838
5.739122594
5.397570205
5.805797924
5.698875905
5.074384585
5.361327096
5.183305884
3.991503508
4.608322116
4.673141804
4.690726436
4.295056439
4.415790385
3.877597956
3.768865023
3.469947212
3.035273949
2.688268097
2.283323914
1.894561851
1.811175828
2.47772695
2.560857848
2.301446914
2.357548859
2.74752903
2.911677059
2.564250408
2.698202678
3.071328131
3.042406792
2.527468789
2.292205127
2.911237961
2.780546381
2.708614591
2.886305033
2.404411657
2.356068519
2.44176349
2.111146472
1.79543212
1.7986529
2.055168553
1.613118011
1.291020316
1.170631195
0.88448018
0.746385872
0.868517855
1.017879131
1.353086131
1.372151936
1.165201962
0.929815923
0.621932216
0.010059137
0
0
0
0.023331718
0.292386616
0.563551122
0.705026423
0.45077163
0.29155842
0.346549125
1.012205086
0.651568197
0.409051579
0.518976045
0.175707204
0
0
0.032700089
0.187232354
0.201710714
0.124979702
0.082613074
0.020304075
0.270611307
0.05943239
0.101453153
0.075457538
0.144096989
0.151473403
0.07690835
0.507854653
0.151213459
0.024859508
0
0.18684073
0.12084946
0
0.249401048
0.267412026
0.147156952
0.164847152
0.306634115
0.210333251
0.387734752
0.465144614
0.274582615
0.198759492
0.123633829
0.300346544
0.472391644
0.587052824
0.437210071
0.253473182
0
0
0
0
0
0
0.006536414
0
0
0.038646741
0.207170964
0.01552067
0
0
0
0
0
0
0
0
0
0
0
0
0.248935991
0.134887303
0.20946887
0
0
0
0
0
0
0
0.040396913
0
0.281445683
0.01496154
0.061379814
0.049352837
0
0.086499403
0
0
0
0
0.025053596
0
0
0.007389404
0.113150554
0.195582658
0.457188774
0.168666828
0
0.236311763
0.24466819
0.570774
0.686537565
0.994818077
0.419913579
0.16506614
0.377926578
0.694197489
0.794048081
0.431990817
0.401493731
0.178908263
0.276748595
0.166931066
0.373844955
0.830726423
0.942055802
1.070094577
1.096845307
0.897866191
0.774855425
0.649545815
0.802931749
1.017250525
0.794680853
1.205407592
1.456281267
1.775941266
1.912745264
2.614260335
1.138252613
1.231123188
1.439474686
1.715116507
1.937893079
2.655129506
2.769834213
2.429330385
2.453471252
2.128410734
2.038420873
2.453982733
2.236405422
2.834005644
2.824706871
2.891218147
2.425073561
2.842626253
3.261634524
3.675615216
3.95893427
4.080280124
3.484201608
3.066085323
2.638697954
2.624206729
2.683818971
3.170605878
2.769603766
2.663638457
2.540418947
2.810240005
3.038830024
3.373640582
2.357819575
2.823323861
3.268096915
3.807516048
4.112796824
3.711067658
3.99463633
3.741929535
3.405463024
3.949460254
3.658650068
2.930386895
3.081052067
3.734691918
3.83252415
4.419666145
4.811279006
4.896575172
4.894101542
5.358543225
5.086029858
5.643791916
5.414414746
5.482597743
5.717914142
5.813604411
7.005229592
6.808848037
5.985371582
5.031003434
4.304447977
5.06100861
5.839459065
6.771084466
7.143503554
7.29088492
7.338037907
6.940656553
6.469262768
6.945382095
6.594744958
6.904302264
7.029048142
5.488393031
6.231396835
6.50262274
6.408275819
6.499597283
6.108893818
6.14077641
6.873549659
6.508932662
6.257892169
4.225816333
4.398241025
4.882603301
5.912167958
6.577439818
7.823276801
8.519337425
7.824997429
7.923250129
8.00475055
7.60218971
7.094849992
7.217060949
7.270984106
8.047060195
8.014628257
8.635208753
8.645316383
8.700145182
8.668562713
8.895243248
8.052694539
8.054126642
7.623937726
8.004203924
8.092550869
8.300788688
8.852318882
8.284771919
7.964039276
7.818889747
8.634608609
8.783823319
8.715556874
8.285833126
7.302155902
7.367233453
7.68082581
7.888610717
7.24865615
7.296050557
7.526588032
7.54131932
8.06477016
7.131485437
7.304621594
7.414157087
7.73518384
7.845701966
8.041629761
7.848501839
8.013317279
7.75843471
7.480594466
7.576654376
7.905024122
7.900964919
7.439236537
6.417485386
6.993173321
7.48044066
7.427520339
6.750089464
6.813621935
7.087742462
6.046324288
5.937528992
5.223523731
4.712373553
4.452574705
4.344250441
5.089863442
5.241405809
4.371232005
4.892546816
5.656264685
5.830819002
5.289619816
4.891604117
4.490815823
4.53684294
4.91005531
4.947650022
4.649272893
3.845571494
4.225651196
4.437466652
4.524044093
4.759312742
4.700196516
4.479263103
4.496274082
4.454585787
4.139835746
4.030321174
3.529345575
2.894020893
2.576203281
2.857345978
3.04597512
3.074511575
3.193596013
2.910450753
2.405705568
2.583499857
2.498398195
2.404669707
2.548141063
3.12635504
2.699474291
2.354598859
2.445560865
2.487833611
2.581193817
2.363986164
2.769630041
2.740140703
2.800520808
2.642068307
2.601812835
2.979519314
2.827717765
2.37871793
2.288429443
2.38386242
2.092769956
1.57373197
1.512772848
1.487343438
1.72819017
1.404977986
1.157207484
1.049676755
0.5332165
0.278177701
0.60818894
0.640330469
0.611699999
0.939767795
0.735571767
0.997325146
1.383925181
1.066434251
1.048937234
0.977483814
1.096341057
1.620177122
1.706419817
1.088991294
0.620066259
0.682930899
0.52941105
0.515873482
0.6231225
0.68561778
0.470459071
0.268483898
0.353049768
0.223688571
0
0
0
0
0
0
0
0
0
0
0
0
0.097673909
0.135175923
0.186971847
0.246067748
0
0
0
0
0
0
0
0
0.110091272
0.05011781
0.204388328
0.090847772
0
0.149630905
0.115834526
0.108910076
0.107905743
0.10789124
0
0.013966814
0.195827075
0.114780989
0.222345921
0.175243112
0.13044717
0.022006664
0.031729118
0.210578256
0.11222081
0.032517332
0
0
0
0
0
0
0
0
0.111280982
0.067884522
0.089679622
0.238941889
0.285689519
0.394630759
0.328431298
0.333610202
0.477608699
0.335589381
0.106732133
0.118220006
0
0
0
0
0
0
0
0.071466417
0.121483604
0.134906789
0.200229918
0.2206675
0.011122837
0.345602116
0.316315675
0.147576956
0
0
0
0
0.071722724
0
0.268250577
0.183372034
0.477714334
0.617067345
0.608982473
0.852976486
0.528217557
0.828432398
0.72954537
0.618336808
0.730472385
1.066309942
0.943848709
0.755200263
0.844928498
0.603770645
0.640321408
0.662360677
0.796147735
0.809923489
0.983281249
0.973193107
1.226582729
0.746101894
0.06012883
0.120931686
0.357738799
0.476004169
0.711893536
1.053324346
1.75966224
2.331087717
2.628329836
1.447995961
0.935461164
1.047533787
1.160703348
1.534829556
1.993368401
2.569176385
2.092511786
2.136546008
2.211485615
2.610325633
2.405709254
1.797648113
1.855906469
2.398711249
2.530502722
2.076880506
2.312914256
1.904214549
1.972844765
1.314679905
1.672816822
1.789619448
2.399532093
2.574740202
2.723159884
3.185753212
3.686740594
4.522065041
4.24404864
4.344473387
4.220498709
4.202381881
2.889443747
2.074207227
2.25925888
2.864060373
3.055859604
3.376165023
3.338672707
3.607262028
3.790978304
4.033676184
4.655515429
5.107667668
5.121280017
5.377342207
4.88214552
5.006377427
5.354940982
5.322672474
5.121804572
5.013348402
5.145969877
3.778992676
3.082110415
4.274617234
4.288947829
5.181865492
5.451482516
5.048482207
4.458028502
4.960351906
5.218687736
5.359480858
5.833917104
5.948191866
6.652835984
5.982396458
5.886110551
6.224368863
5.866800007
6.26736974
5.418840111
5.842895245
6.158448782
6.68569415
6.895774379
7.68347647
6.452282771
6.278587543
6.09697561
6.378921568
6.361292333
6.223826181
6.700087695
7.510615526
6.19456644
6.6022698
6.486358962
6.80613515
7.310627959
7.527753085
6.92752271
7.652976007
7.846002146
7.941776451
7.955479686
7.389412145
7.317267584
7.607565481
8.586402703
8.920381835
8.709588924
8.558501805
8.897575008
9.096081632
9.223125794
9.262039189
8.995440731
8.569911319
8.727202103
8.890994057
8.709388216
8.839798972
8.471409498
8.251244266
8.539079615
8.958606458
8.809851494
8.829998751
8.62054309
8.650054046
8.799595625
8.439541436
8.433978359
8.130210173
8.098780967
8.314046515
8.367376244
7.924491473
7.387125606
7.616496903
8.228179856
8.488216808
7.495672972
7.559569918
7.717912745
7.651551686
7.432864589
6.928086434
7.189542308
7.524030557
7.541288843
7.04241061
7.632315367
8.21633069
7.957644372
7.738627537
7.632688071
6.471930938
6.584747274
6.997618639
6.491727524
5.557297958
5.502374651
5.583525058
5.830104865
5.269521386
5.572208237
5.50894864
5.70199766
5.884166658
5.444975974
5.723684887
5.643656903
5.319653336
5.162596511
4.891086161
3.770397523
3.004868864
3.94056756
4.351963604
4.587988772
4.690031844
4.09984017
4.087213748
4.254367377
3.769995104
3.617727068
3.412306372
3.956132145
4.362465303
3.042462644
2.307587713
2.38013396
2.341477828
2.261601682
2.563796388
3.195835348
3.28703055
2.261918858
1.830216146
1.962947578
2.094049049
2.226495995
1.826285229
1.875148296
2.064057572
1.994598272
2.36685889
2.29474707
2.450100381
2.425791075
2.063812397
1.992915202
2.250830742
2.268062975
3.185545946
2.958452864
2.84972532
1.807361739
1.653856462
1.685311641
1.70578582
1.267612366
1.17005649
1.32262418
1.798974494
1.355149946
1.509747112
0.415362971
0
0.212874354
0.428519601
0.640410341
0.85859571
0.888950353
1.333719937
1.461866797
1.243254808
1.458132134
1.595245699
1.681725224
0.478253448
0
0
0
0
0
0
0
0
0
0
0
0
0
0
0
0
0
0
0
0
0
0
0
0
0
0
0
0
0
0
0
0.036939323
0.034267393
0.184670812
0.276852717
0.209200538
0.253182831
0.24572582
0.211710853
0.504267998
0.516843938
0.351944899
0.301252012
0.253373266
0.044186753
0
0
0
0
0
0
0
0
0
0
0
0
0
0
0
0
0
0
0
0
0
0.129991707
0
0
0
0
0
0
0
0
0.336210949
0.543758244
0.36245017
0.030417185
0.098522903
0
0
0
0
0.036457541
0.201529463
0.150066071
0.442369717
0.204780217
0
0
0
0.433524746
0.255108977
0
0.07922485
0
0
0.084052807
0.084667745
0
0
0
0.066268934
0
0
0.143596394
0.264435585
0.248944196
0.186826328
0.132430549
0
0
0
0
0
0
0.297369366
0.43632964
0.44321361
0.272521129
0.671127912
0.156282636
0.065217766
0.017377156
0.642569212
1.232573351
1.026666339
2.073155028
1.863927765
0.866648914
0.365445362
0.121495863
1.079461799
1.772180789
2.573745258
2.562629007
1.55646876
1.380978955
2.03976289
1.802869589
1.22734138
1.001036169
1.43634557
2.127380701
2.068176909
1.923233586
2.012057204
3.001909329
2.583644102
1.846462349
2.679991593
1.580781327
1.151730149
1.315677149
1.850656452
2.430194684
3.361080143
3.558078197
3.938844645
4.915950659
4.812112444
4.205852414
4.017641313
4.314214472
4.314880441
3.961823389
4.195533838
4.070486933
3.376000207
4.026287131
4.198696083
4.880442615
5.165468538
5.004254031
4.633344815
4.376377242
3.756928411
3.650181606
4.269284269
4.894112586
5.323657679
5.381528918
4.804365777
5.081151205
5.21820175
5.097449847
4.990210413
5.408430516
5.522808264
5.892135039
6.400238794
7.712541801
5.814840881
4.910718076
5.112430819
5.769822769
5.697521334
5.805973866
5.331656883
5.170237191
5.98358007
6.187243793
6.797621676
6.598243541
7.171258034
7.389572694
6.771237528
6.71657078
6.534072726
6.390139804
6.200667033
6.448575844
5.664543677
4.851994839
5.606775441
6.343024384
7.164779282
7.453419055
7.937713911
8.255130198
8.360140068
8.194298534
7.820616275
7.909822353
7.38283371
7.644275495
7.607160956
7.912382027
7.885530622
7.546761468
7.592386717
7.161116993
6.49311465
7.172714541
7.996019401
8.431472891
8.992841143
8.905043026
8.943913165
8.829072603
8.877951159
9.467128343
9.315816573
8.782092881
9.014946851
8.974673579
8.81584402
8.479710372
8.95472218
9.051013018
8.786387047
7.91466044
7.066431326
8.110638161
7.540146949
7.93675864
7.401179564
7.160689614
7.424510108
7.91474213
8.40865132
8.505756204
7.588866422
7.437278234
7.796999106
7.324646368
7.697623872
7.58714897
7.547836645
8.387756236
7.821775515
6.950042018
6.793993347
6.886868486
6.822370496
6.65158469
6.469386571
6.812930101
7.089000759
7.106198062
6.179689824
5.412674419
5.874531258
5.940864779
5.431038293
5.539628569
5.858612019
5.861121118
5.366382882
5.227410867
5.309354944
5.16811154
5.424121844
5.524229873
5.652976281
5.757162167
5.130749732
5.044500304
4.457169881
4.015600718
3.921229805
4.22163613
4.010173906
4.146431455
4.860836856
5.226564233
5.08123745
4.993658647
5.13846665
4.598876722
3.680583923
3.587142086
4.021848123
3.603095479
3.286837709
2.676176845
3.091313005
3.074535639
3.129732719
2.822028441
2.747084344
3.2411794
3.213310838
2.446958869
1.88673626
1.673593524
1.712754584
1.661440177
2.000255586
2.50209322
2.61888143
2.89510204
2.835830071
3.050595047
3.252819476
3.134141711
1.907235536
1.130410911
1.348041746
1.812437264
1.320301235
1.314558979
1.492774889
1.264880035
1.147024017
1.191584195
1.72380008
1.306332027
0.890046751
0.881549989
0.687142361
0.17278519
0.011707164
0.119998635
0.302699479
0.414231052
0.692078946
0.523969501
0.497375023
1.002084745
1.056192281
1.346758684
1.165513595
1.190747025
1.018893017
0.995204486
0.832494497
0.727314437
0.601866999
0.547696756
0.530558022
0.415648346
0.628436252
0.632092327
0.785519744
1.010698147
1.210931952
1.024511351
0.747448596
0.683902649
0.436836679
0.069629939
0.033147408
0.231067855
0.456359329
0.182881131
0
0.035673311
0
0
0.031130135
0.25993275
0.356471107
0.216849839
0.311941413
0.467779889
0.740834466
0.663863306
0.766371818
0.638387022
0.378772113
0.289195032
0.032854105
0
0
0
0.245241062
0.245485882
0.355491431
0.327878578
0.29137345
0.275904689
0.130097329
0
0
0
0.124621409
0.145980141
0
0
0
0
0
0
0
0
0
0
0
0
0
0
0
0
0
0
0
0
0
0
0
0
0
0
0
0
0
0
0
0
0
0.031682232
0.038874541
0.122177643
0.093149746
0
0
0
0
0
0
0
0
0.234236625
0.026824043
0
0.092777853
0
0
0
0
0
0
0
0
0
0
0.158858211
0.226581522
0.034307318
0
0
0.048670936
0.510477484
0.260964062
0.355812278
0
0
0.242894114
0.271788317
0.140723018
0.242895509
0.517291085
0.409562826
1.13806463
1.384011447
0.608822582
0.536500997
0.845899795
0.836167576
0.131633475
0
0
0
0.362005594
1.286863828
2.194362379
2.038947968
2.094981479
1.87934784
1.432183093
1.593618067
1.939595354
2.202625572
2.815819623
3.491834588
3.821543063
4.004938875
4.124849096
3.068105714
2.102302824
2.320820265
2.527862679
2.493197326
3.290606999
2.950881568
2.021266315
2.565805299
3.751647986
4.033962692
3.984798909
3.423245923
3.672917684
3.997278426
4.360256893
4.3397463
4.359311576
4.279802281
4.385288166
3.63592979
3.634741826
4.099367301
4.418752823
4.071153683
4.028490425
4.016533981
4.216444785
4.663759088
5.417246789
5.719721606
5.293683786
5.21315164
5.454810388
5.927548887
5.436482997
4.902874341
5.229302936
5.280970359
5.40579598
5.962603718
5.954737639
5.996800121
6.206734535
7.060055957
7.279385837
6.545758811
6.433686378
6.473246033
6.936741773
6.423890468
6.035666118
5.747526429
6.096495483
7.453590864
7.640256206
7.001224045
7.062202671
6.935159181
6.930792408
7.303130476
7.682765362
7.768315951
7.591651425
7.683497319
7.307262491
7.37188898
7.343330396
6.335875106
6.851102042
6.843715486
7.172650042
8.006113924
8.939442124
8.530052752
8.08026896
8.443179427
7.609468682
7.500251518
7.514458503
7.300320638
7.370150873
7.440644579
7.964993402
8.247209981
8.401101215
8.468581136
7.717752678
7.360781369
7.613259461
8.218427108
9.270525317
9.366991551
8.838578144
8.575414252
8.284177453
8.283156966
8.075380734
8.249058987
7.877604418
7.93995288
7.892493424
8.074618934
8.561686684
8.71085805
8.40829155
7.902925109
7.995665509
7.836368719
7.245674919
7.862103232
8.083560041
7.940759774
7.997491496
7.321507582
7.109989226
7.567210405
7.739415501
7.697193977
7.928004926
8.697412273
8.214534466
7.897808904
8.028584628
7.571403376
6.88028804
5.647829546
5.898937622
5.464166975
4.96342266
4.674427493
4.776215279
4.626755711
4.470738296
4.699644686
4.866235183
4.944714858
5.057065184
4.521271742
3.329311728
3.804809845
4.731677255
4.735545043
5.03124783
5.178431326
5.152191383
5.222018279
4.914155106
4.756209385
4.402406595
4.841954046
5.173084287
4.272386097
4.449859115
4.445384089
3.897934849
2.9612123
3.593899439
3.33803812
3.191989437
3.202630922
3.808253929
3.02904205
2.732657745
3.084863269
2.886024895
3.141644879
3.370505548
3.413651249
3.395988065
3.2601983
3.257542842
3.217237296
3.303367649
3.192355954
3.29912704
2.543492704
2.245704399
2.454859802
1.69376853
1.978420565
2.180556017
2.210605158
2.332558769
2.337738407
2.060623916
2.120418206
1.080814613
1.024327628
1.580979267
1.368762314
1.301886424
1.206822292
0.704972176
0.913055424
1.045455667
1.333370348
1.05826715
0.873862305
0.781420004
0.785260694
0.901787101
1.006245496
1.05832482
0.96149836
0.878570463
0.828090982
0.808873695
0.880286028
0.756443581
0.595789375
0.64713482
0.597403277
0.336100166
0.273580549
0.388600466
0.436396099
0.279515303
0.429559143
0.381610125
0.489060262
0.333052329
0.431688963
0.503994992
0.864704398
0.529631246
0.323975526
0.070731045
0.084624637
0.147011508
0.223061662
0.278557318
0.167923258
0
0
0.031212117
0
0
0
0
0
0
0
0
0
0
0
0
0
0
0
0
0
0
0
0
0
0
0
0
0
0
0
0
0
0
0
0
0
0
0
0
0
0
0
0
0
0
0
0
0
0
0.043605374
0
0
0.167591777
0.112599413
0
0
0
0
0
0
0
0
0
0
0
0
0
0
0
0
0
0
0
0
0
0
0
0
0
0
0
0
0
0.143138617
0.151538037
0.243172207
0.537870167
0.340842636
0
0.132941882
0.620056076
0.164351695
0
0
0
0
0.318006228
0.545659569
0.143798915
0
0.793250613
1.16982599
1.262974341
0.705123605
0.330866004
0.437663997
0.745926424
1.13485268
1.458988919
0.61676592
1.147492924
1.255232465
1.794820753
1.778717084
2.37066967
2.600780064
2.994985514
3.535463961
2.963890755
3.377933536
3.272105418
3.49656035
2.989927382
3.133031595
3.006001916
2.384647652
1.831416264
1.732761532
1.357380108
1.42329986
1.902046241
2.677375029
2.9495198
2.477307086
2.082371554
2.69778466
2.63794025
2.526639041
2.663507146
3.355487736
4.471235416
4.777801155
5.835905678
5.945014543
5.890254791
5.81280701
4.898450729
4.335150227
3.567036283
3.291175329
3.451217498
3.68327854
4.577805977
4.340441389
4.61640929
4.023488295
3.407923863
3.311483561
3.243991281
4.093175098
4.208377446
5.173335726
5.612051092
5.179502702
4.010507716
4.611394843
5.391383107
5.355313276
5.296543854
5.955054223
6.717927953
6.918381105
7.153310913
6.694223598
6.213352587
7.039397667
7.315125957
7.255919985
6.96809017
7.21990005
7.640477907
6.91750731
6.717068175
6.984252446
6.752531077
7.028085674
7.193879435
7.650005958
7.98999188
8.199529311
7.630540695
8.070836088
7.676799644
7.467836861
6.805717181
6.707849597
7.35090691
7.72234928
7.617856235
7.646820353
7.6180274
8.041547218
7.179155241
6.916856321
7.338003395
8.222824189
9.116861395
9.484404619
9.216808631
8.408923654
8.477696858
8.784672975
9.425004834
9.296634329
8.695172275
8.025275819
7.798543855
7.94440025
8.303456744
8.059080527
7.107921391
7.497814573
7.869938154
7.410459242
7.096930067
7.862081096
8.165120015
7.068414488
7.056058987
6.810784491
6.414511198
6.648090559
6.700212595
6.658177525
7.035540175
7.446854822
7.999165797
8.351185538
8.698861443
8.061952414
7.747522081
7.981734991
8.490704672
8.105898694
7.934323471
8.33807789
8.700499353
7.777958843
7.461293482
7.705220286
7.864738098
8.323832582
8.840475842
8.405683331
8.298655142
8.493669729
9.138407678
8.490594899
7.502792359
6.935169028
5.945425582
5.914307708
5.412170024
5.012238298
4.829616784
5.007886979
5.637734647
5.477758503
5.299863836
4.315911102
5.566703482
5.259510934
5.211120928
5.339625992
5.906494089
5.555970531
5.502701312
5.69006013
5.497111005
5.032733565
5.0805101
5.225993193
4.504546059
4.226700286
4.40791092
4.336103489
4.425838381
4.056259337
3.689421649
3.478170158
3.239436167
3.373133188
3.427214316
3.63941289
3.413499214
3.218979731
2.349804941
2.032829119
2.195647352
2.303250081
2.541540139
3.041233528
3.321096293
3.194469323
3.118268433
3.032524295
2.864801531
2.54974533
2.588844638
2.113205222
2.498999971
2.443724877
2.699104565
2.505330053
2.937969873
2.864927904
3.120823614
2.944756
2.351747727
1.730481879
1.494992936
1.653221791
1.431659714
1.398089293
1.632641953
1.532633878
1.870423267
2.01145216
1.991745907
1.313147147
1.276843313
1.061414743
1.722538182
1.578710477
1.63493106
1.195130809
1.584652564
1.724330045
1.800845254
1.834088626
1.57429448
1.239120483
1.169376243
1.249211538
1.296347806
1.738772398
1.639632212
1.103725621
1.57921583
0.828821024
0.335185078
0.228276447
0.23281277
0.151897553
0.421823932
0.68445515
1.162078709
1.352953172
1.717494297
1.298839238
1.11034034
0.751262894
0.656139401
1.25747
1.235921087
1.284924488
0.687125636
0.375794185
0.527416896
0.383540604
0.326237579
0.258037599
0.535819509
0.252925323
0.27407848
0.21452138
0.118500392
0.194451256
0.840021071
0.271628614
0
0
0
0
0
0
0
0
0
0
0
0
0
0
0
0
0
0
0
0
0
0
0
0
0
0
0
0
0
0
0
0
0
0.120280522
0
0
0
0
0.297809266
0.084675387
0.027852695
0
0
0.160849093
0.211954922
0.083182764
0.016660207
0.194417878
0.207435463
0.430413743
0.057789392
0
0
0
0
0
0.057545351
0.19653497
0.058179099
0
0.084706129
0.208499573
0.131220716
0
0
0
0.203239714
0.253400555
0.307317276
0.624124922
0.135544013
0
0.246291522
0.070094892
0.113959623
0
0
0.138616134
0.869908633
0.84125663
0.705012607
0.178877939
0.258125933
0.764859629
1.075151977
0.839679196
0.079947932
0.365684762
1.109864072
1.790853658
2.19893419
1.394082887
0.857953123
0.962192942
1.481455968
1.529789573
1.450130014
1.869493149
1.169440673
1.432039182
1.684502675
2.458131596
2.668806076
1.671727831
1.647743108
1.573014776
1.664998213
2.03861145
2.158085284
3.086818356
2.892840758
2.826272866
2.81502699
2.554060965
3.019879955
3.040814301
3.356323881
3.536068492
3.443022255
4.037526877
3.475541639
3.534759224
3.83840373
3.42413497
3.417392922
4.462410555
4.431569678
4.582599336
4.692420088
4.16250046
3.789275141
4.520565666
4.927271502
4.312122448
4.318917353
4.505841281
4.765255181
5.468562307
4.959743256
3.736741464
2.313490068
3.066208622
3.902976863
4.876362082
5.394175025
5.20241013
5.509032608
5.243196888
5.776910939
6.494961507
6.795621785
7.474580434
7.46467349
6.635031421
7.125955742
6.046642371
5.90750726
5.976289946
6.316797969
6.948217431
7.380303099
7.363769576
7.298435105
6.625999993
6.464693025
6.103088958
6.223763977
6.241018293
6.979785133
7.475933989
7.722007749
7.452009934
7.255712302
6.873016002
7.261984227
6.994873916
6.925427345
6.957374029
7.15041175
6.493029963
7.173229493
7.28625983
7.21387725
7.805999773
8.235810244
8.200250654
8.049686637
8.36942841
8.171176039
7.646672437
7.567238786
7.410709562
7.284656213
7.184899844
6.723193733
6.564516309
6.735538013
7.281443992
7.739790326
8.949954749
9.692743691
9.636672305
8.912708288
8.713398063
8.510032961
7.636601354
7.296361338
6.805332723
7.031321917
8.128849163
8.670634514
8.949883079
8.581720932
9.261670658
8.849622495
8.434720342
8.958497892
9.116991547
8.671129358
8.191850671
8.309306569
8.768404936
9.085900047
8.747196007
8.075114032
7.780526193
7.812106048
8.528331168
7.855213951
7.794223229
7.438941002
7.136419282
7.720661821
7.390535181
7.843038737
7.988353472
8.074972626
8.226581097
7.951588
7.615074911
8.213184666
7.236065611
6.449850746
5.559144593
5.852643403
5.990429876
6.254779522
5.869633602
6.141971052
5.95169097
5.750688523
5.79022373
6.05576768
5.285666784
5.425942908
5.474619885
5.302373271
5.053604258
4.651129331
4.575410368
4.85371366
5.178010536
5.514645058
4.511911751
5.170838194
4.192692277
4.278986439
4.433052565
4.188398033
3.641433699
3.602494852
4.029401592
4.585707456
3.74443991
3.957411646
4.034656355
4.342162866
3.67432149
3.755042714
3.393791438
3.49217022
3.575324094
4.123642648
3.80216213
3.805303433
2.491488588
2.437811804
2.663230227
3.295620842
3.768622059
3.52579453
3.048911416
2.55989945
2.622860682
2.473472144
2.578586856
2.735073086
2.175134207
1.744299864
2.10224453
2.355635029
2.591398312
2.308310886
2.264413448
0.734350588
0.472705819
0.494646317
0.729377034
1.085415832
1.080256611
1.595698724
1.201880156
1.349938067
1.099088239
0.427986088
0.094069527
0.307527022
0.647405842
0.706559026
0.718252204
0.897716028
1.200726057
1.396497148
1.316495817
1.137010331
1.055133692
0.838148018
1.029859043
1.114953296
0.338928664
0
0
0
0
0
0
0
0
0
0.200925959
0.395961159
0.391318103
0.151978762
0.329756125
0.322304291
0.230494992
0.37635645
0.365611294
0.287261505
0
0
0
0.251818169
0.031131148
0
0.417385792
0.449214568
0.2429382
0.492951033
0.21934789
0.14635677
0.16285331
0.348007853
0.318451476
0.39345126
0.624230212
0.562155098
0.450907611
0.495077747
0.355037296
0.099191417
0
0
0
0
0
0
0
0
0
0
0
0
0
0
0
0
0
0
0
0.013676907
0
0
0
0
0
0
0
0
0
0
0
0
0
0
0
0
0
0
0.052577404
0
0
0
0
0
0
0
0
0
0.265603619
0.285215095
0
0
0
0
0
0
0
0
0
0
0.164120552
0.226974506
0
0
0
0.017555672
0.258395945
0
0
0
0.186065945
0.200046485
0.824655401
0.610807075
0.751603467
1.408394532
1.301511454
0.633020457
0.357166553
0
0.018546291
0.415050453
0.702600056
0.858875199
0.756184924
1.380963434
1.708788749
2.489309844
2.340782842
2.356687557
2.550726887
2.774275795
3.375202431
2.984776631
1.453896753
1.242038956
1.966812175
2.895956992
4.020888625
3.725781205
3.580029182
3.247564442
3.409897886
3.778229803
4.024198775
3.22983058
2.598490797
2.392263764
2.436650013
2.541985784
2.53357407
3.07953765
3.839165001
3.76217381
3.021901342
3.278093944
3.594166344
4.186875302
5.074858074
5.449980551
4.829038895
4.551273048
4.815050995
4.051999407
3.273020633
3.274831216
3.432341222
4.160143766
4.689312352
5.044310063
4.714978013
4.313756658
4.479881045
4.638626345
4.118217487
3.690682286
4.093374951
4.507775643
4.679339482
5.264192844
5.135785141
4.866492748
5.094010557
5.25559935
5.383392563
5.29357504
6.08854756
6.337476739
7.077451259
7.395624417
7.323914512
6.171311198
6.967645816
6.941510016
6.688012206
6.512198423
6.280566781
5.749280893
4.266424989
5.048331009
5.162056712
5.99747118
7.021314126
7.384406667
7.222311959
6.934065254
7.008920419
6.648052377
6.702223813
6.29436498
6.63721662
6.677051399
6.725904902
7.843419648
8.185492682
8.207779656
9.309117033
8.977997288
8.347461305
7.944513975
7.745272137
8.04700751
8.091180947
8.310236936
8.326360226
8.713881998
8.723475077
8.5262111
7.899223935
8.53880232
9.130544308
9.400955659
9.207816742
8.850761329
8.677881412
9.003191631
9.28850437
8.525912976
8.131773176
7.980555664
8.59983008
8.637881931
8.884154628
8.210540022
8.512544584
8.484875242
8.664131028
8.621626532
8.722404867
8.311361003
7.940472624
7.489743257
7.478183614
7.450504916
6.554726728
6.957374122
7.888926648
7.791952319
8.382219487
8.605820887
8.670381479
8.028557393
7.357337631
7.416496118
7.960853429
8.30384301
8.174540107
8.717488884
8.137159202
7.883962874
7.981065857
7.84463711
8.203847022
7.751337909
7.173967807
7.132931583
6.806655851
5.843142631
4.800556104
5.199072421
5.557030599
5.613371732
5.946229943
6.081785487
5.63109388
5.631626698
5.980132051
6.517474784
4.65737685
5.29729427
5.393612196
5.345179892
5.076859983
5.302954619
5.395225448
4.869134804
5.056639904
5.229206938
5.33004961
4.644653994
4.603973655
4.7570515
5.104544821
4.985115372
4.673170249
4.797156962
4.637584831
4.681750072
2.710214275
2.272759291
1.98871902
2.082559655
2.379600382
2.63758434
2.987582235
3.175232506
3.102681084
3.101887265
2.974763826
3.067274897
2.706609776
2.244296216
1.882391383
2.307327345
2.10226578
2.183631219
2.357318135
2.46386973
2.822455686
2.962721639
2.381371131
2.296941127
2.76061431
2.184585566
2.097001362
1.361452283
1.525162351
1.863309229
1.735276773
1.189311184
1.359886418
1.280818188
1.144305248
1.056333808
0.819333999
0.81805331
0.646355548
0.731226178
0.569812532
0.556299962
0.980767015
1.373332451
0.907587427
0.606263853
0.652858834
0.594070323
0.486105304
0.85144613
0.826847872
0.614910265
0.615167078
0.42044133
0.545932722
0.493811661
0.322108559
0.43790136
0.193633553
0.465998488
0.634277855
0.600758724
0.296247519
0.225983976
0.235826768
0.283264044
0.262622716
0.162751703
0.240377147
0.028716398
0.088669031
0
0.132579934
0.122013988
0.01787965
0
0.027950486
0.101694331
0.047460244
0.262284884
0.256151467
0.199545602
0
0
0.041747057
0
0
0
0
0
0
0
0
0
0.057745554
0.024823886
0
0
0
0
0
0.038649463
0.084894209
0
0
0
0.097530224
0
0
0
0
0
0
0
0
0
0
0
0
0
0
0
0
0
0
0
0
0
0
0
0
0
0
0
0
0
0.006206689
0
0.179421827
0.220380218
2.44526E-05
0
0
0
0
0
0
0
0.08176976
0.135295784
0.599099183
0.966203841
0.979610039
1.114400261
0.920413404
1.105041998
1.360276596
1.249716594
1.430324946
1.259921084
0.317579579
0.408165568
0.950598951
0.895443276
1.079556498
1.025520308
1.049091803
0.718512155
0.659432361
0.985519315
1.451849744
1.64710253
1.773956871
1.781846648
1.869573176
1.323093135
0.926210221
1.53741092
2.120038838
2.243597691
2.460280183
2.348434761
3.124449831
3.361932821
3.849436723
4.073438195
4.033549027
3.485531385
2.337110458
2.579212537
1.872872383
1.811113158
2.398865744
2.364632949
1.743510508
2.258877052
2.508084035
2.418113198
2.176215899
2.346370184
2.86623245
3.063835835
2.545761983
2.560465671
3.168310459
3.711366771
3.685193906
3.213559898
2.737584203
2.877142958
3.422746398
3.458414894
4.060330575
3.969940716
4.172532884
4.017823788
3.624535667
3.266814338
3.789540997
3.462626767
3.004387554
3.131354058
3.762330281
4.596009743
4.680746087
5.061415958
5.488522286
5.141389321
4.241566619
3.655444418
4.062739647
4.57447604
3.911974632
4.237989557
4.968232952
4.979931629
4.922224614
4.325347696
4.605697576
5.368909056
5.270028009
4.738188592
4.659077386
5.165423905
5.868053917
6.751701071
7.039785835
6.978009381
6.666812492
6.428611713
6.538520993
5.75389299
5.329767496
5.172820695
4.784526111
5.632387893
6.149772823
6.573984988
7.438702452
7.228435675
6.179361155
6.278072382
6.591770877
7.028101767
8.012087502
8.20755579
7.773215449
8.029559418
8.232496858
7.868017926
7.689294413
7.009395723
6.877188375
7.675001286
8.038079318
7.513894962
7.702312544
7.962895567
8.379271093
8.479538183
8.386933517
7.89255881
7.970699018
8.239813951
7.927317754
8.139386197
8.365190864
8.160664768
7.776460073
7.573935195
6.421381285
6.927694328
7.567851005
6.801368633
7.096806914
7.689668782
8.715262746
9.083806078
9.626138676
9.864547541
9.345961657
8.935378967
8.584863426
8.714878164
8.435963649
8.552130172
8.449613195
8.81213744
8.705099376
8.75935716
8.116343206
8.190078051
8.575989385
8.251504393
7.112958178
6.750733781
7.033946193
8.126292922
8.246504467
8.180065163
7.736558157
8.110472708
7.817439397
8.147397495
7.647760012
7.730098534
7.342696509
7.143646255
7.524352702
7.267437591
6.794026604
7.034425574
7.608687815
7.345547494
6.661766404
5.573995373
5.861418583
5.833741859
5.698885695
5.774531855
5.282635949
5.515461349
5.114139477
5.450192452
5.182450816
5.843105132
5.835500861
5.7715429
5.926899779
5.480223208
5.174058691
5.482521414
5.271563615
4.625133962
4.356795265
4.627569305
5.067778617
5.404744475
4.979355625
5.254320878
5.189870524
5.156713034
5.414709947
5.542812104
4.748914592
3.308275517
2.561172839
2.77396026
3.298371483
3.764068587
3.674701288
3.160583689
3.291881981
3.671777489
3.711869362
3.676841673
3.473019701
3.634043513
3.420101519
3.450064223
3.104850508
3.25590413
3.284742386
2.943912424
2.187972646
2.151236031
2.649711857
2.361022757
2.361409781
2.899460105
2.674298256
1.627220299
1.878982029
2.046843561
1.670341443
1.435138614
0.99045929
1.133655083
1.637836696
2.163126122
2.116936448
2.324363658
1.793092709
1.284256029
1.628317423
1.759063515
1.437422343
1.148157127
1.191210254
1.253937846
1.52532386
1.185408212
1.018450167
0.154053667
0
0
0
0.168031372
0
0
0
0
0.160211762
0
0.138038788
0.107288864
0.158364003
0.329820175
0.424444247
0.436164815
0.172332063
0.169702008
0.224851983
0.330423148
0.340460392
0.353098162
0.219280251
0.27418066
0.426179895
0.434414852
0.33902766
0
0
0.189567296
0.45375808
0.179582821
0
0
0.002593053
0.088163426
0.117936649
0.259626763
0.248807962
0.562873118
0.746013614
0.733964963
0.567228434
0.639154851
0.606129166
0.619375063
0.037466453
0.017195697
0.172370132
0.397800123
0
0
0
0
0
0
0
0
0
0
0
0
0
0
0
0
0
0
0
0
0
0
0
0
0
0
0
0
0
0
0
0
0
0
0.238652952
0.418192093
0.371340253
0.339323991
0.411560778
0.082974608
0
0
0
0
0
0.219809955
0.278884194
0.362263165
0.509021986
0.5960039
0
0
0.02633052
0.315461076
0.634378124
1.030170175
0.864583652
0.557177655
0.442677635
0.852499668
1.182511319
0.649135034
1.307797445
1.875640366
1.69975108
1.783260776
1.724739654
1.386530739
1.408637996
0.740362501
1.037678109
1.296112005
0.667058883
0.508351685
0.675287439
0.978299795
1.681909574
1.918175045
1.785402902
0.9516538
0.581544159
0.436786846
0.670662275
1.807065496
2.025964053
1.095257762
0.785183555
1.174232726
1.797118793
2.265901699
1.876561075
2.098137031
2.293720145
2.146762355
2.020571986
1.699120126
1.689714932
2.512238646
2.700068517
3.136528235
3.1651979
2.02586925
2.008718626
1.528419818
1.609079004
1.837727205
2.008130395
2.636188655
1.864369607
2.722249715
3.850477814
3.15660854
2.527946169
2.982679776
3.259359909
3.324235702
2.985521799
2.844949653
3.017379618
3.007841082
2.699532194
3.34942772
3.68615183
4.115162694
3.090385414
2.728736554
3.315929419
4.140986942
3.491823075
3.858713775
4.297699564
4.937626785
4.795149998
4.349929496
4.355759176
4.847884175
5.810939887
4.609355612
4.345603357
4.451379393
5.334857888
5.558819876
5.252564873
5.176590789
6.572664624
5.719159625
5.162653753
4.939846435
5.957119898
5.741421788
5.023209822
5.11148493
5.885306183
6.437340823
7.253117197
7.272829034
7.180073405
6.244100869
6.394772368
6.691122785
7.375576652
6.554387618
6.917786879
6.052418173
5.173321249
5.756611613
5.899784472
6.9658748
6.333862277
7.514281736
8.097543403
7.492368467
7.679471946
6.944721798
7.089274074
7.758073491
8.270272355
8.239142512
7.583512012
7.509666161
7.873670664
7.843921035
7.547682755
8.443420973
8.822532863
8.013962242
7.8028631
8.044946047
7.958785991
7.995096896
7.976905108
8.289520061
8.486125484
8.508312202
8.652937262
8.201808101
8.502488165
8.420987597
7.637836105
7.047801407
7.147064335
7.735230775
7.567547312
7.662602233
8.198000517
7.732642142
7.851402103
8.048235615
7.680357462
7.598037017
7.667551082
7.49464136
7.492482638
7.501159749
7.785435725
8.093569768
7.726455876
7.261561335
8.262329563
8.038840765
7.580899681
7.244846862
7.18533093
7.170956297
7.519339613
7.750655722
7.056257017
7.194216303
7.523371424
7.602907341
7.637937737
7.36387083
7.329154216
6.754054486
6.537035631
6.842884438
5.776935419
6.114359551
6.129040661
6.06499332
5.858940975
6.112142324
5.887550063
5.595826377
5.394483616
5.332970248
5.221872779
5.72907085
5.884854862
5.361989464
4.967658503
5.272128227
5.225132317
5.05652478
5.232434649
5.50737767
5.256571383
6.084946951
5.805566193
5.657864631
5.177059795
5.592725752
5.529176071
5.24887175
5.066595125
5.674247918
4.695912596
4.201918144
4.86502959
4.633227005
3.559796541
3.48682073
3.208478204
4.266990613
4.574639864
4.152627566
4.042731407
3.661955514
3.721384311
3.556228379
3.781312466
3.767404387
3.483171073
3.778544717
3.494888798
2.992306254
2.887821968
2.64100695
2.422405253
2.443711572
2.757319677
2.898529673
2.810097524
2.858796589
2.799492129
2.676194535
2.597269019
1.708306583
1.641439441
1.546079382
1.449781143
1.505798204
1.185589749
1.234614555
1.541777009
1.791747665
1.70742091
1.861549927
1.844247913
1.374130172
0.846522896
0.727613019
0.626321346
0.683137484
0.970487131
1.157313278
1.086162821
0.946748393
0.906736123
1.118558068
0.961132452
0.688374133
0.351635126
0.279260159
0.270905374
0.166841382
0.075102453
0.214016093
0.126733097
0
0.088430126
0.111708085
0.115988441
0.372464894
0.572636684
0.484812516
0.465562774
0.265326787
0
0
0
0
0
0
0
0
0
0
0
0
0
0
0
0
0
0
0
0
0
0
0
0
0.018043091
0.236397258
0.120883476
0
0
0
0
0.258306964
0.302892122
0.296629034
0.146048475
0
0
0
0
0
0
0
0
0
0
0
0
0
0
0
0
0
0
0.071028254
0.21582272
0
0
0
0
0.01164634
0
0
0
0
0.153776469
0
0
0
0
0
0
0
0
0
0
0.095807683
0
0
0
0
0
0
0.138395387
0.303140546
0.613814702
0.554421374
0.010470516
0.130398278
0.638213917
0.793132158
0.639487655
0.169934066
0.14542789
0.139878816
0.072061078
0.627782303
0.725666483
0.622373898
0.446511845
0.138584639
0
0.166386704
0.48032439
1.382775603
0.27226782
0.009550256
0
0
0
0.443555641
0.975575679
0.9293951
1.96312296
2.671264334
3.254465588
3.752033672
3.751516157
3.322108875
3.855926357
3.01573242
2.244573146
2.317949248
2.386137499
2.180359509
1.832440766
1.657733484
1.120437259
1.547327477
2.873534259
2.916028086
2.441144313
2.111929779
1.804647923
2.281607158
3.338081777
3.740684394
2.651541369
2.085230207
1.197163218
1.480010574
2.588650277
2.938413841
3.634513779
3.554256422
3.840493196
4.006024604
3.811487639
1.908936313
2.561167241
3.503347145
4.002457211
4.364059121
3.922698037
4.729600737
4.449944008
5.051982598
5.032984549
4.288499479
4.361675525
4.851732096
4.849483048
4.531566165
4.24693688
4.2740253
4.470236948
4.67549964
4.733092862
4.207160775
4.366210178
4.100722922
4.745305402
5.095108282
5.257170381
5.179062061
5.235964299
5.097701446
4.664295164
5.067121611
5.505932471
5.853514065
6.168875084
6.62783876
6.778353874
6.309694362
7.114931267
6.366879622
6.441787979
7.284529617
7.374554878
6.641190058
6.8178128
7.010411547
6.961629408
7.200640881
7.055727821
6.576573845
6.784675613
6.82918278
7.354640444
7.416412952
6.933673478
7.077559637
6.732592864
7.559501172
8.19769452
8.87249012
8.478291692
8.936542959
8.675982704
7.903192231
8.044604814
8.032154957
9.025671787
9.207320648
9.196822488
9.217938143
9.264820692
8.934329099
7.978291619
8.000392747
7.697510583
8.173718927
8.447985926
8.479626527
7.940366841
7.744414352
7.865372491
7.938713179
8.229562108
8.105970734
7.360153028
7.436489357
7.080782463
7.517600874
7.476495724
7.869694862
8.592882073
7.76933951
7.501182161
8.097285038
8.734014658
9.062556054
9.282547119
9.088140653
8.775562446
7.995805826
7.772993105
7.353261886
7.35545853
7.632715793
7.642126237
7.464209659
7.432958003
7.37289286
7.536063849
7.138631228
7.053775598
7.414286179
7.367888669
7.640979648
7.505011928
7.499654301
8.054002299
6.47249294
6.109632329
6.594678764
6.496854225
6.928815911
6.368664286
5.708565849
5.318237297
5.030948494
4.846620173
5.2386674
5.19115641
5.408774519
4.987513514
5.448315115
5.897885515
5.121300041
4.801564316
4.643517152
4.342242866
4.432093256
4.307138655
4.40363457
4.293969599
4.389133657
4.84981257
5.028156155
4.669774595
4.882499431
4.175093966
3.535681729
3.86638564
3.871140641
3.641171169
2.977847922
3.017086693
3.325431171
3.71626811
3.868024094
3.703133532
3.608284075
3.550726763
3.685254075
3.70675061
3.703538118
3.906353392
3.69557689
3.07764631
2.905261924
3.153363959
2.982966185
2.734271957
3.109097947
3.211690299
3.183819885
3.320922009
3.315957511
2.82704788
2.915242898
2.246733915
1.765913936
1.663508763
1.41765448
1.213984044
1.165109318
1.465353595
1.380337197
1.565725739
1.721805954
1.593781146
1.678796398
1.672367038
1.440287869
0.866805366
0
0.023357429
0.207286403
0.215315176
0.221115122
0.313401734
0.243065485
0.179283187
0.161058465
0
0.185260137
0.345623888
1.06606109
0.877670508
0.794742323
0.643489062
0.46450458
0.412690478
0.598984289
0.410995813
0.392407096
0.266378427
0.166787366
0.115238267
0.297739638
0.19998169
0.232378301
0
0
0
0
0
0.451356864
0.527049174
0.786719096
0.254924531
0
0
0
0
0
0
0
0.163613749
0
0
0
0
0
0.05554256
0.125915563
0.018084818
0
0
0
0
0
0
0
0
0.091679843
0
0
0
0
0
0
0
0
0
0.090969205
0.223095046
0.147347705
0.029962619
0
0
0
0
0
0
0
0
0
0
0.054786974
0
0
0
0.132407612
0.150499778
0.122019841
0.241463122
0.605148447
0
0
0
0
0
0
0
0.142602186
0
0
0
0.312593732
0.247271199
0.443642281
0.579352845
1.059808443
0.912936711
1.425066216
1.712337713
2.066234915
2.292406864
1.349885777
1.00375506
1.028730142
1.203307778
1.148039754
0.795236679
0.727222285
0
0
0
0.057721474
0.208257939
0.337785794
0.449724526
0.19781618
0.821363325
1.329151526
1.714131115
1.77546432
1.629671807
1.985661451
2.038297916
1.719400253
1.710879902
1.259014094
0.822761136
1.018175407
2.210733139
1.136488697
0.278479494
0.172049648
0.634780117
0.90060159
1.390414295
1.712470108
1.821068422
2.131471075
2.443500494
2.647809087
3.054649882
1.962929375
0.833119606
0.949035618
1.637983838
1.343676774
1.87361756
2.949140324
2.998919673
2.292816427
2.350479319
2.126538177
2.401259534
2.837457212
3.405741652
3.709132037
3.807364138
3.185430938
3.322582807
3.774600824
2.793682647
3.29726977
3.843733123
4.455599862
4.893812249
4.8317446
5.348366035
4.247563137
2.775168841
2.933538686
3.466227721
2.771614297
2.440088797
3.172350159
3.598465078
3.596652129
3.429351639
3.966647059
3.618770358
3.851584359
4.071067879
4.611198308
5.25479635
5.018482497
4.353796348
4.350946652
4.618303444
5.992230966
5.306960541
5.069570629
5.399625983
5.622273752
6.617518553
6.188668569
6.477580866
6.147952432
6.25743355
5.78755032
5.921702159
5.531619937
5.791016377
6.577683095
6.580726671
6.266137525
6.308298547
7.043944599
7.400923442
7.16596768
7.242607014
7.740033038
7.273961104
7.257624247
7.347028479
7.224144239
7.25060646
7.217660657
6.458579448
7.392383487
7.188091915
7.574347475
8.591329131
7.824438888
7.771788952
7.480889514
7.972712672
8.349654636
7.185728309
6.843831074
6.842574602
6.951525185
7.523632213
7.793284439
8.577474188
8.615847085
9.044049485
8.961013881
8.594909822
7.745922912
7.72691245
7.607121602
7.191118038
7.411493181
7.495930281
7.76430501
8.068245818
8.677789432
8.661509963
8.899405421
8.112413709
8.017682652
8.375651722
7.358326057
7.508159665
8.32559717
8.322089311
8.25496237
7.90664381
7.843458317
7.732081014
7.53197223
7.164998503
7.244399894
7.690960874
8.086738111
8.465542098
9.080288839
8.865430516
8.043041217
7.408103325
7.081240417
7.003997532
7.152104784
7.722956518
7.519812138
7.18244835
7.493606717
7.380091675
7.827362628
8.102671229
6.875808255
6.839469183
5.929562583
5.86904358
5.923362759
6.592345704
6.033168271
6.10879883
6.319648787
6.531221246
5.868159364
5.418992216
4.5057497
5.059831197
4.65832652
4.278337268
4.747763135
4.583374188
4.341661325
4.352973597
4.634214929
5.219407311
4.909010482
4.937770769
4.886040445
5.13398906
5.076979404
4.932020207
4.794505838
4.650682449
3.875025903
3.875749954
3.640573734
3.631919684
3.903190675
3.428894144
3.583971575
3.765564191
3.999338763
4.284662632
3.884160242
3.937974277
3.984917063
3.366228741
2.958132122
3.008890267
2.974053613
2.694201483
2.66116734
2.771005461
3.08045917
2.63186726
2.278552565
1.968607061
2.300226222
2.316360663
2.151970391
2.100619466
2.336763797
2.768691431
2.723879319
1.704456434
1.669511542
1.502057934
1.583556637
1.260038747
1.062275075
1.391902548
1.518514891
1.394427554
1.270545751
1.336788285
1.186054813
1.294290312
1.098700357
1.06111139
0.988043024
1.20232077
0.935913025
0.641201795
0.591321049
0.296711119
0.526893203
0.128017117
0
0
0.132545591
0
0
0
0
0
0
0
0
0
0
0.045786237
0
0
0
0
0
0
0
0
0
0
0
0
0
0
0
0
0
0
0
0
0
0
0
0
0.039820003
0.103977943
0.053963971
0
0
0
0
0
0
0
0
0
0
0
0
0
0
0
0
0
0
0
0
0
0
0
0
0
0
0
0
0.187075671
0
0
0
0
0
0
0
0
0
0
0
0
0
0
0
0
0
0
0.207017177
0.205657502
0
0
0
0
0
0
0.273914573
0.529916247
0.660673814
0.657333701
0.698540298
0.464992907
0.381674796
0.672825577
0.518648388
1.252645258
0.706060843
0.464785045
0.477813363
0.430586982
0.35314733
0.320507775
0.598227609
0.311871231
0.371568271
0.469540594
0.617969468
1.003550974
0.931947729
1.073622232
0
0
0
0
0.428739889
0.846561878
1.312947308
1.681849115
2.251307885
2.369958608
1.508575169
0.478760264
0
0.390975722
0.489123726
0.533106594
1.258159312
2.186887454
2.13258716
2.089171031
2.445738047
3.116396149
3.189130636
2.439742227
1.909169959
2.136540867
2.901580784
3.503951386
3.313441301
3.426101746
4.388556318
4.633666941
4.77756467
3.610671307
2.497288036
2.404325246
2.940823353
3.104082356
4.034101686
4.143954778
3.174018446
2.201437865
2.345037547
2.115645821
2.998169885
3.865719022
4.249752016
3.883039879
4.050698051
4.090873555
5.051306201
4.880620046
4.538661866
4.238378663
4.129088477
4.547943842
4.870723337
3.479072484
3.631084363
3.889345085
4.424971545
4.783934591
4.902072363
5.10838162
4.757895971
4.807947484
4.829969855
4.8536095
4.557231886
5.262043639
5.098229819
5.21270429
5.484000801
6.543856162
6.675898681
5.455638999
5.567938532
5.659524568
5.854235585
6.548219175
7.366543552
6.996971537
6.18870466
6.707525315
7.780062589
7.789134532
6.543671117
6.900357106
6.842330823
7.058042945
6.719176365
6.65718354
6.994992467
7.410206355
6.668560807
6.111440832
6.091257358
7.020163
6.917033189
7.659899453
7.789628469
8.206141306
8.3342312
8.176263289
7.298472529
7.337243529
8.045943969
8.914640146
8.980204638
8.970826933
8.979367927
9.106317904
8.833638133
8.707255223
8.799562603
8.43084584
8.656390823
8.445716462
7.681074475
7.779789112
7.95575504
8.66237111
9.051961172
9.05514209
9.109773931
8.958335461
9.092137597
9.001984181
8.884204472
9.06033437
8.537066458
8.198111765
7.787479163
7.535744658
7.59951339
8.002634478
8.584453742
8.691917714
8.580336794
8.035057212
8.124591565
7.224248594
7.275941406
7.596177149
7.721620565
8.190058655
8.311757103
8.723145932
8.682941198
8.263706858
8.401981915
7.366682459
7.261593314
7.930696578
7.786361993
7.559552948
7.635141799
7.316759029
6.698747633
6.315333839
6.125774645
5.290685933
5.805635655
6.149689659
5.575638602
5.287472411
4.6570351
5.056324426
5.699992868
5.889663515
6.117019241
6.21076369
5.4704349
5.051139559
5.262886709
5.182580474
5.452407727
5.417030842
5.215972289
5.340045257
5.698692896
5.231948459
5.129909329
4.995349559
4.807186778
4.885651422
5.076306348
4.256695659
4.364073628
4.029294854
3.825433502
3.052042566
3.109780836
3.272558453
2.770612669
3.020626661
3.209117308
3.296202983
3.33336071
2.966750212
3.36591019
4.277627279
4.09868857
3.728819273
3.888160574
3.616753703
3.577047262
3.886655033
3.092526165
3.198937251
2.644764826
1.431375278
0.60234476
0.894444002
1.363304912
1.991669606
1.567240214
2.271003399
1.959572078
1.838168067
2.575959065
3.234650315
2.564922841
1.782598619
1.514108354
1.62748597
1.517226121
1.117910357
1.189800587
0.785147118
0.451458741
0.527965192
0.409159794
0.372646294
0.417818392
0.524244466
0.526090895
0.423275481
0.58702152
0.584943274
0.195082623
0.304989294
0.607152617
0.734508888
0.185322224
0.059102413
0.102601109
0.580266038
0.691720313
1.052962231
1.283529505
1.421493339
0.752054056
0.834362252
1.263920408
1.360110274
1.360584391
1.225080742
0.985245164
0.8568695
0.880334711
0.639706059
0.565502419
0.80691365
0.528878144
0.366099588
0.615580619
0.835752236
0.523394808
0.490880645
0.201094268
0.283761656
0.344680172
0.331899246
0.219804816
0.010244491
0
0
0
0
0
0
0
0
0
0
0
0
0
0.06137847
0
0
0
0
0
0
0
0
0
0
0
0
0
0
0
0
0
0.124797704
0.276837334
0
0
0
0
0
0
0
0.331178377
0.321218241
0
0
0.296753012
0.769716238
0.228602178
0
0
0.077482669
0.185872065
0.444807802
0.386610664
0
0
0
0
0
0
0.086777615
0
0.007616146
0.363961834
0.635540571
0.681821354
0.903968415
1.121200322
0.960393743
0.664419097
0.840127964
0.524365418
0.422092843
0.747379118
1.33193857
1.582688337
0.394178511
0.28085047
0.587108401
1.057340405
1.118651048
1.265512649
0.686230522
0.513058766
0.525008232
0.99886794
0.767942417
0.485655866
0.468931355
0.703350205
1.024576993
1.755604486
1.971879983
1.669684985
1.265463921
1.377672351
1.30699535
1.3282508
1.867660045
2.623214038
1.700363585
1.561289327
1.873447088
1.980902734
1.721710582
1.965297077
2.714909898
3.103809515
3.387313902
2.755612843
2.559863993
2.986452273
3.496151799
3.704928513
3.305481037
2.273883312
2.55079398
2.830484292
3.574778624
3.984252239
3.301123715
3.510007813
2.875693943
2.242975663
1.889369284
1.854593042
2.252778423
2.830004245
4.047800228
4.137834282
4.133587099
3.988994699
3.634950663
3.885031578
4.326734143
4.602783043
4.832906274
4.632109847
4.326832459
4.386297342
4.265107428
4.450350034
4.449268958
4.291297313
4.778275247
4.994164337
3.848851406
4.358750321
4.216623688
4.32652378
4.342650869
3.951763864
3.987954338
4.342339911
4.973032768
5.408924455
4.827830692
5.142440825
5.923897207
7.276813713
7.229202492
7.009780833
6.930043334
6.669023871
6.258968917
6.534360767
6.849926819
6.361264743
6.467929509
6.675283106
7.024977477
7.624979139
8.074137607
7.940586698
7.806016972
7.629940899
7.530721042
7.631825473
7.431969416
7.76784586
7.907542253
7.686731382
7.697623235
7.579211084
7.98059509
8.021750547
7.994058807
7.365618727
7.188116053
7.29944822
7.494800359
7.24163895
7.999358306
7.558225109
8.301661431
8.279772312
7.551893981
8.001333394
8.349475075
8.179518373
7.954880732
8.305239993
8.695048763
8.00093377
7.463293301
7.97378643
8.773147782
9.948351376
9.935240885
9.239863189
9.272458547
9.139282585
9.347574797
8.717035698
8.889645114
8.978575412
9.066717654
8.201415039
7.214915306
7.415058248
7.647254171
7.710666821
8.172126333
8.3253237
8.41915422
8.427814114
8.717608811
8.557734715
8.578890094
9.100426331
8.328539554
8.09669747
8.110931409
7.69734209
7.933197588
8.844785972
7.929036314
7.901252478
7.84028209
7.656317514
7.716417776
7.523127032
7.71126897
7.895807884
8.069203246
8.741006224
8.103667457
8.417239545
8.334648128
7.65875791
8.04794072
7.101185958
7.03897046
7.008992924
6.408745959
5.912615018
5.226794423
5.638580768
5.78102658
6.042136433
5.827445196
6.209491418
6.160024792
5.791867885
5.773820344
5.227811014
4.656441237
3.705530758
4.002166503
4.109873342
5.122317705
4.96357214
4.866842438
4.748181556
4.871313229
4.961630722
5.156240559
3.932862184
4.275597241
4.37830243
4.852255664
3.969425055
4.113818995
3.912875847
4.352109812
3.329618704
2.86046675
2.772588643
2.852122209
3.269944637
3.528425786
3.416783941
3.397609929
3.439859048
3.244536943
2.890061322
3.028640097
3.016446073
2.9859302
3.446442781
3.316182973
3.372881877
2.748111362
2.368624963
2.786232935
2.711976893
2.527560867
2.471095708
2.24234799
2.300866271
2.289572769
2.565529153
1.974265459
1.933670903
1.588142163
1.527928487
2.007553141
2.09372546
1.605082676
0.654825988
0.498111604
0.682346267
0.751513812
0.724429255
0.8936224
0.902813797
0.671145833
0.405611348
0.481485978
0.357687939
0.230470168
0
0
0
0
0
0
0
0
0
0
0
0
0
0
0
0
0
0
0
0
0
0
0
0
0
0
0
0
0
0
0
0
0
0
0
0
0
0
0
0
0
0
0
0
0
0
0
0
0
0
0
0
0
0
0
0
0
0
0
0
0
0
0
0
0
0
0
0
0
0
0
0
0
0
0
0
0.310175477
0.040538455
0.111933795
0.003278745
0
0
0
0
0
0
0.15263418
0.237122136
0
0.117950496
0.112973179
0
0
0
0.156751545
0.193226996
0.426908259
0.371332408
0
0
0
0.013209334
0.420565675
0.469978956
0.423887982
0.698162909
0.576366216
0.229272855
0.407013205
0.453851389
0.305748671
0.358436415
0.78408524
0.819118035
1.196211395
0.855634126
0.098277251
0.109110607
0
0
0.117193068
0.287564687
0.494213528
0.689631405
1.129789725
1.209501911
0.678686003
0.541168673
0.77855451
0.502582718
0.340190506
0.187260024
0.614363209
1.146377276
0.810773387
0.870692743
0.994265357
1.603126358
2.379128237
2.60948104
2.479919264
1.753852695
1.525417408
1.682857008
1.516409162
1.30484723
0.96933832
1.348357954
1.816471763
2.500289658
1.912972595
1.552092591
1.641050624
1.917086401
2.214688088
3.347935202
2.864001737
2.071083844
2.174399926
2.611207364
2.713987334
2.704848474
2.599095479
3.004518052
3.713869089
3.541515697
3.845434507
3.822561559
4.291988364
4.55811913
4.677035771
5.25710519
5.161162835
4.178264893
5.367543775
4.781983469
3.524308265
3.978582327
3.434632736
3.395280124
3.866963188
4.434255695
4.774421564
4.835771128
5.264682371
5.386624904
5.748674652
6.052571209
6.130471908
6.183511486
5.798934725
5.689586776
4.993978611
5.613290304
5.811810005
5.83010832
5.65547993
5.649345089
6.01136927
6.267323809
6.661121914
7.623459902
6.366537704
6.008532596
7.214126182
6.982190038
7.660800107
8.186776739
8.180172095
7.946638535
7.520165598
7.548736658
7.016416539
6.81087464
6.641069387
6.359970282
6.766768042
7.385823711
7.218201753
6.667433394
6.718235513
7.106162809
7.542893915
8.573229328
8.758338931
8.600343648
7.524845087
7.699406856
8.073873711
8.723621222
8.49770364
8.565576451
7.925119854
8.421179033
8.951190318
8.931010133
9.063357389
8.617054442
8.27582906
7.716614848
6.85673477
6.799248267
8.077271752
8.616378215
8.535439487
8.182189199
8.644425201
8.002034408
8.009172427
8.571311881
7.994283734
7.382482031
7.571902949
8.289773054
8.062806875
8.477008535
8.333802639
7.837218747
7.753988023
8.211870265
8.536894657
8.62422847
8.322484846
8.945690384
8.38579085
8.508202763
8.487465899
8.493309926
8.740772716
8.222264917
7.205337474
7.242680319
6.674154033
6.75160978
7.047551026
7.076879376
6.884211077
6.944899387
7.185936899
8.011857527
7.719235999
7.595908847
6.894699055
7.109860456
7.080035267
6.232601134
6.382151603
7.023164442
7.537201514
7.547312312
6.603079478
6.439678497
6.344334606
6.631373036
6.164074554
6.047433825
6.421377102
6.257384463
5.676211609
5.119029237
5.213484927
5.085832515
5.379527563
5.699576696
5.359300506
5.335991422
5.628038487
5.919268181
5.854847231
5.01762907
4.619981312
4.76659033
4.572012033
3.92099127
3.939232397
3.454579785
3.570375984
3.585774163
3.586120089
3.629809472
3.784426472
3.71099988
3.029499047
3.030657743
3.15956083
3.281897186
3.167172345
3.561280836
3.825667757
4.049125229
3.823406007
3.603260896
2.69982536
3.16642443
3.029456615
2.530748533
2.529622736
2.705999423
2.856360125
2.691616929
2.781976527
2.896113675
2.811636425
2.996464512
2.575584463
2.497233041
1.535329053
1.352918282
1.323697328
1.588079516
1.358923602
1.621102625
2.067216068
2.006156191
1.297660974
1.251186241
1.056339138
1.010934576
0.848991662
0.844638789
1.184494221
1.452430806
1.187857616
1.008635107
1.089942901
1.429867032
1.685666489
1.002550372
0.359699899
0.358889114
0
0
0
0.31695384
0.6171246
0.001343931
0.382419274
0.427445554
0
0
0
0.255676086
0.752503733
0.260712512
0.09648501
0
0.236487092
0.317420601
0.309627032
0.355411648
0.465493325
0.445260822
0.27213405
0.067505768
0
0
0
0
0
0
0
0
0
0
0
0
0

