0.030899043
1.145766908
1.639924903
1.172486308
0
0.032529833
0.082826626
0
0.004291533
0.321350026
6.545269201
5.156540936
2.771701618
3.386750451
0.06
0.643731104
2.705212942
0.383491913
0
0.121021281
1.099234719
0.542621556
4.298852433
0.263843546
0.25148379
0.815237293
0.186424293
1.619479513
0.728702609
0.052356731
0.045490275
0.720977558
6.042609058
0.015792842
0
0.003433225
0.01287459
0
0
0.014247896
0.311393722
8.959738719
3.55430982
5.286180468
1.671132204
0.278434755
0.006008152
0.014591214
0.201530195
5.309404626
0.060939793
0.012016303
0.131578518
0.746297624
1.609007346
0
0.012016301
0.045146949
0.115699729
0.304871042
5.014660981
0.274057376
2.328502116
6.008237073
0.197238968
0.078792537
3.674886421
15.15395779
14.08113108
8.355064002
2.180058453
0.344438464
6.624199996
4.770041945
2.830352105
0.400142673
0.234146296
2.660581937
0.413811501
4.225615792
4.595229722
0.091838839
0.095958735
0.021629344
3.35409198
6.29431343
4.679879218
5.776932253
1.070064336
0.32409664
0.250797308
0.403232772
1.671295229
4.650306039
2.836714772
1.472773722
0.648364938
0.761661241
4.459806695
3.419837069
0.895730241
7.217548655
2.025863284
0.295601012
0
0
0.014591212
0
0
0
0
0
0
0.439281951
3.86444229
3.412113025
3.223809322
4.600613966
2.979308772
4.238108836
0
0
1.090220493
3.375165981
6.75732772
6.609342457
0.212431019
0
0
2.39351751
0.35276409
0
0
0.177154533
2.272283433
1.693654685
1.9534653
0.148487107
0.1450539
0.000858307
0.09098057
0.007724759
0.117158945
0.016307829
2.420599366
0.001716613
0
0
0
0
0
0
0
0
0.071325337
0.177240431
0.842343251
1.72571331
0.033044814
0
0
0.00600815
0.008583066
0
0
0
0
0
0
0
0
0
0
0
0
0
0
0
0
0
0
0
0
0.005149841
0
0
0
0
0
0
0.000858307
0.00600815
0
0
0
0.003433226
0
0
0
0.006866455
0
0
0
0
0
0
0.006866458
0.003433226
0
0
0
0
0
0
0
0
0
0
0.04463199
0.124111169
0.044631918
0
0.001716613
0.006866458
0.024032601
0
0
0.016307829
0.776596191
1.225834289
3.004934709
0.469322134
0.090899106
0.05064012
0.235176091
0.014591223
0.003433226
0
0
0
0
0
0
0
0
0
0
0
0.008583073
0
0
0
0
0
0
0
0
0.173807414
0
0
0.061626427
2.024916857
0.02008439
0.000858307
0.100679454
0.003433226
0
0
0
0
0
0
0
0
0
0
0
0.311565847
0
0
0
0
0
0
0
0
0
0.521507173
0.01596451
0
0.011157986
0
1.888791085
2.338715917
0.081539154
0.130462695
0.124025376
0.05064012
0
0.251312188
4.781284232
16.81569495
13.82904878
5.678605647
0.425291141
0.395164438
0.008583066
0
0
0
6.305034228
3.227106759
0.522880587
0.148787459
6.238432988
9.450785762
0.389182423
1.56658291
1.251210407
0.903024093
0.285558737
0.087375654
1.845643496
0.756897958
0
0
0.005149843
0.01107216
0.532596918
0.09947776
0.07604606
0.030384108
0.279550562
1.387930022
2.457231687
0
0.004291533
2.479992321
1.536155705
0
0.001373291
0.293455115
0.844531755
0.489578164
0.126299974
6.160970032
5.890262808
0.441517399
0.076307834
0.36
0.012531276
0
0
0.018024442
0.034160606
0.004291537
0
0
0.000858307
0.000858307
0.000858307
0.006866458
0.14222139
0.90250965
1.39149191
5.549015514
0.812147385
1.076235434
1.48066635
2.358234384
4.415476263
1.117971031
1.949386842
1.506418918
4.282274836
1.064986598
0.013732913
0
0.025577577
0.098619449
1.183304858
1.838181017
6.097974766
0.095872827
0
0.678878419
1.419910635
2.488704562
2.761173546
1.719061215
0.009441369
0.001888275
2.468997915
4.046317806
1.062627322
0
0.050468514
8.662727636
7.47517129
0.946652621
0.771188292
1.83848613
0.30658748
0.372119011
1.765727419
17.38875187
2.693291014
0.326757474
0.357356457
0.357060159
4.275180481
3.410785813
0.235390679
0.390152052
9.699902356
0.790681119
0.944609692
0.698662123
0.108189643
1.030616432
0.560817825
0.181531944
0.078277623
0.117416415
0.043473238
2.007496734
0.149688737
0.175437902
1.183777173
1.459980339
2.662555739
3.853800614
0.113468186
0.078105938
17.74812567
4.038938266
2.162978164
7.89591495
1.547966134
3.503577534
1.202274009
0.140590695
0.506057728
0.022830962
0.005149841
0
0.15758514
8.232495876
4.77034478
0.126256983
3.709302517
0.462979429
0.299720627
1.479133809
1.170259143
2.489506984
16.53846909
7.487273123
2.945956064
0.830596379
1.95659541
2.398284264
4.30202456
0.979156801
1.103268131
0
2.75907173
5.307128583
2.4
0.320410334
1.065330418
0.309342477
0.592747226
0.009441382
0.001716615
0.022315979
2.394611971
1.2
0
0
0.39482109
0.61626456
0.086689051
12.51747129
0
0.001716615
0.004291537
0
0
0
0
0
0
0.00343323
0.144195615
2.982621924
2.780058189
4.729729506
2.064307711
3.642356836
0.018024442
0.04892342
0
0
0
0
0
0
0.001716613
0
0.05990979
0.06
0
0
0
0
0
0
0
0
0
0
0
0
0
0.003433228
0.017166141
0.001716613
0
0
0.374050042
0
0
0
0
0
0
0
0
0
0
0
0
0
0
0
0.019311907
0.36
0.001716613
0.726548718
3.331048975
0.124454448
0.000858307
0
0
0
0
0.110292426
0
0
0
0
0
0
0
0
0
0
0
0
0.213074707
0.12
0
0
0
0
0.018024433
0.062227269
0.30126573
0.028324134
0
0
0
0
0
0.035190598
0.007724767
0.007724765
0.007724767
0
0
0
0
0
0
0.021457683
0
0
0
0
0
0
0.081539041
0.063514728
0.021457678
0.012016305
0.066261186
0
0
0
0
0
0
0
0
0
0
0
0
0
0
0
0
0
0.030469885
0
0.006866455
0
0
0
0
0
0
0
0
0
0
0
0.003433226
0
0
0
0
0
0
0.043087018
0.010814669
0
0
0
1.224975271
1.333123422
2.069679905
0.173377976
0
0.024032601
0.057678232
0.721158726
1.803344814
0.68787324
0.98267525
3.145336188
3.363664865
1.8
0
6.638363934
3.727458544
0.126866453
0.215091809
0.006866455
0
0
0
0
0.001716615
0.026607514
0.456576486
0.12003433
5.193567447
9.792066426
8.51157993
0
0
0
0.006866449
0
0
0
0
1.187251952
0.488205045
0
0
0.313711179
0.52854545
0.773249124
0.013947489
0
0
0
0
1.129017955
2.599486492
2.229970553
2.329282133
0.082397461
0.022315984
0.219039917
1.816521431
0.4776609
0.101280209
0
0.101709383
0
0
0
0.609569361
0.092697007
0.35284964
5.628917082
2.67389258
1.257377417
7.085132122
11.99326417
0.086431496
0.055532452
0
0.071582807
0.028753256
0.054159218
0.209770213
5.723410405
2.112380934
1.435689554
0.443444377
0
0
0.016136169
0.081624966
0.066175497
0.132007577
0.197238947
0.046091101
15.84267964
1.59688107
0.175094637
0.436105797
1.894884997
3.625619822
1.898703721
1.812942126
0.896437762
2.456903718
3.338102829
1.665288421
1.992109698
0.164460282
0.153126343
0.179472195
0.917792162
1.203951128
0.846718967
0.502109469
6.011070052
1.871334162
0.245737566
0.144710671
0.591716819
1.219916107
1.039247476
0.308904585
1.37689511
0.714978195
0.03519058
0
0.005149845
0.012016296
3.473227068
0.289682789
0.327186561
2.660933053
5.643198644
1.067163449
0.033817293
0.127716108
0.120334666
11.10748812
19.09376675
2.285436194
0.153297929
0.601072154
2.482824223
1.523292518
4.432554896
9.192727748
3.643930711
1.043967328
6.675697883
3.144879995
0.195951549
0.575709505
15.68385361
12.66934948
14.89313203
0.757417133
0.024461752
0.450868852
5.998539604
2.481069081
0.326465864
0.42679335
12.26134657
10.31772073
3.530733693
1.834379228
0.135011745
0.030813223
0.189170844
0.529832666
1.288748075
0.607081031
0.22582052
2.631313718
32.53697481
0.254058919
0.433273256
0.016307824
0
1.244181065
1.060224069
2.347014823
2.638504548
2.090235419
0.537227309
0.312080399
0.321865064
4.635059564
9.052677156
0
0
0.206851905
0
0.02231595
0.096988644
1.659279744
3.20942685
0
0.006866451
0.015449519
0.031757346
0.464343817
1.257247255
0
2.075387071
3.557455355
0.043773669
0.578670848
0.09012222
0.134067486
0.008583073
0.574379019
0.022315981
0.190544126
1.243515451
1.22724205
9.055719372
0.318260358
0
0.101623512
0.162219852
0.018882758
0.043773622
0.129775959
1.25370372
0
0.00343323
0.001716615
0
0
0
0
0
0.012874606
0
0.020599366
0.02403261
0
0
0
0
0
0
0.012016291
0.199470559
0.700821181
0
0.00686646
0.076307838
7.819741063
0.251574008
0.011157993
0.049781808
0.031070718
0.095787063
0.259470472
0.470008722
0.18
0
0
0
0.01544953
0.005149841
0
0
0.066604648
0.00257492
0
0
0
0
0
0
0
0
0.200672157
0.008583068
0.140762293
0.376625064
0
0
0
0
0
0
0
0
0.006008152
0
0
0
0
0
0
0
0
0
0
0
0
0
0
0
0
0
0.042057041
0.6
0
0
0
0
0.003433226
0
0.005149841
0.001716613
0
0
0
0
0.006866455
0.00600815
0
0
0
0
0
0
0
0
0
0
0
0
0.000858307
0.003433226
0
0
0
0
0.01373292
0.09012206
0.297832239
0
0
0
0
0
0
0
0.012874594
0.00257492
0
0.03089907
0.509319243
0.492925439
9.207748942
1.372948293
3.722665836
0
0
0.039997061
1.657905031
0.251483895
1.698538076
0.623988835
0
0.016307833
2.849966409
22.92362956
7.006877243
0.291137687
4.016533316
1.407967475
5.51832018
10.53611058
0.019741061
0
0
0
0
0
0
0
0
0.009870525
0.025749207
2.761346229
1.341189936
7.542258218
1.01651061
0.377311728
1.431742814
0.048236848
0.019226082
0.07381433
0.67222615
0
0
0.078105978
0.816421046
0.15947343
0
0.187110844
0
0.022745128
0.027465818
0.016651155
0.015449524
0.080766696
0
0
0
0.043773628
1.810598856
3.446623528
4.892952882
2.96243854
14.14241563
7.401308502
3.415986877
0.199607974
0.326804688
1.134266117
23.57778747
0.000858307
0.498504579
23.41424257
3.410999851
3.108273678
0.417137281
1.102198699
0.02918243
0
0
0
0.004291533
0.02609252
0.041241646
0.012960436
9.275770635
0.349717186
0.041542048
0.764846133
0.37701152
0.082311613
7.607437247
2.180444535
2.541055682
3.275172649
0.365123797
0.012359621
0.069007877
2.745669892
4.609669042
0.06394394
0
0
0
0.289506885
2.793803282
5.404565433
5.50927013
4.529649718
0.853544123
0.22039198
1.540562913
5.078522306
1.999096694
1.101379522
2.13426622
0.830798227
0.565452541
0.030984884
0
0
5.572632318
0.64192775
1.909347089
1.086616408
0
2.984440867
1.986508979
1.277418077
0.994867767
4.293679014
1.192874347
7.564754191
2.596522258
0.289592699
2.263567196
1.046310944
0.941391587
0.02772331
0.057678258
0.082054146
0.436363337
1.220340248
1.670651812
1.546841781
1.625225844
13.21703181
1.440682116
2.395189973
2.575264108
4.033688045
0.622272434
0.663643003
0.593605128
0.341220192
0.481853455
3.328743438
3.612530325
0.692138705
0.848393696
5.014660414
0.8801938
0.676045649
0.024719237
0.056991636
1.71270969
10.59953868
2.205685866
0.060596471
0.684456632
0.62094212
0.443315471
1.596793879
9.900110176
7.607331905
2.521488487
0.430869992
0.343923585
0.084114061
0.120935403
0.153036301
0.497903816
0.937056651
4.117417753
8.924250966
0.021457674
1.004733859
1.494405199
4.848745811
0.138702438
0.317230366
1.229095699
1.826820981
0.0702096
0.039997138
2.041997006
16.59945525
1.564608885
0.076217638
14.33162973
21.08259347
0.085659061
0.132179299
3.616818839
0.360746548
0
0.125660458
0.039482118
0.070037806
6.802643734
0
0.314140225
2.428922876
1.699195577
0.525412715
2.6819344
4.590636649
0.055789861
10.52540305
0.674930191
1.950503807
12.8906632
3.231178712
7.376165071
11.58294239
4.89771347
1.860636709
2.949058592
4.123273166
8.587366912
2.707326281
0
0
0
2.610968781
17.22811511
0.392761293
2.337170802
7.370145997
1.011858003
0.003433226
0.316329365
1.285092543
8.29009269
1.074815888
8.777373953
0.440058335
0.02506256
0.009441373
0.30257492
5.335437955
1.135540417
0.187969122
0.15234948
0
0
0
1.913047066
3.328219653
0.238575164
0.195436507
0
0
0.081110029
0.098276049
0
0.010299683
0
0.004291533
0.063085594
0.003433226
0
0
0
0
0.000858307
0
0
0
0
0
0.00257492
0
0
0
0.00600815
0.00600815
0.012016296
0.006866458
0
0
0
0.020599375
0
0
0
0
0
0
0
0
0.007724761
0.011157993
0.003433226
0
0.03025532
0.612016287
0.015449521
0
0.009441373
0.006866458
0.040340434
0.006008148
0.018882747
0.059609448
1.764164839
0.082655008
0
0
0.001716615
0.02660751
0
0
0.193548287
0
0
0
0
0
0
0
0
2.17829787
0.701837313
0.05029679
0.011157984
0.018024448
0
0
0.003433226
0.051069298
0
0
0
0
0
0
0.190758681
0.08776183
0
0.070810416
0.003433226
0
0
0
0
0
0
0
0.008583073
0
0
0
0.00343323
0.071668674
0
0.00257492
0
0
0
0
0.028753306
1.738158389
0.058364874
0
0
0
0
0
0
0.017166145
0.000858307
0
0
0
0
1.78154447
1.342134623
0.024890913
0
0
0
0
0
0
0
0
0
0
0.00686646
0.060253126
0
0.00343323
5.985105691
11.97978429
0.005149843
0.525906322
1.309351641
1.434600671
0.060081477
0
0.005836491
0.02094269
0.016307827
0
0
0
0.161790833
0.428814366
0.81291145
1.563063782
6.492023038
0.167206885
0
0
0.130471345
0.498539436
0.00514984
1.254000008
11.17836977
4.760697501
0.370788559
1.430454128
1.065673804
0.319805166
0.591201526
0.090122218
0.10385505
0.181102738
0.610427803
1.264776086
3.071623646
4.24776284
2.345264494
2.4996564
3.811965427
0.654236449
1.368741955
2.83650844
0.327710301
0.29130948
2.282497691
3.522407928
0
1.4548356
0
0.235862748
0.066432958
0
0.006523132
2.266145961
2.375078039
1.424449506
2.641567999
3.1107335
13.88114953
2.614193747
1.388440326
6.116767393
2.092132096
0.17054556
1.136330176
0.093297972
2.007082115
0.468292221
0.02506257
0.081367502
0
0
0.134239286
1.3060437
0.009269708
0.763764912
0.054759969
0
0.269851667
0.194582513
0.222816256
0.003433228
1.462640816
13.83012429
8.337161392
3.115032547
0.278263082
0.218057294
0.511379739
0.140419041
0.322122855
0.064887995
3.280149339
0.945252966
0.79045798
1.787047519
0.339378935
0.676603265
0.186467321
0
0.413287806
2.565016075
1.760500382
0.05064012
0.034761424
0.003261564
0.131406843
0.136642483
0.493282114
0.156555243
0.367784147
0.015964506
1.665329967
0.00257492
6.590995824
0.733165301
4.794976102
25.07433515
0.215606663
1.106027728
1.920088977
0.296158894
0.451383525
2.615746505
1.402310162
2.245064499
6.749815828
14.58238197
2.612944139
0.19577988
1.620401174
3.697759598
0
0
0
0.089693153
0
0
0
0
0
1.166182215
3.907422954
1.005420984
0.577726427
0
0.040168734
16.70999944
14.3034401
0.065231343
0.47764769
0.923405744
0.305042326
0.460567527
0.3489876
0.318603648
0.619182324
0
0
0
3.100763459
0.046005248
1.439938612
0.863500208
0
11.96093946
14.42521203
3.031969418
3.355550499
5.900475746
1.180171713
0.624504096
7.080664843
0.654227221
0.002574922
1.27032069
7.188349476
7.201884091
7.158072929
0.050811795
6.771274019
13.80125085
8.573718452
5.00172312
0.124368629
0.577151673
2.110748657
0.563221083
0
0
1.272869586
0
4.313723688
1.186142014
1.89232349
0.218868273
8.183692384
0
0.031929057
0.14797201
0
3.463786376
2.588800799
0.709819243
1.256304734
0.172519626
0.600385581
0
0
1.990544085
0.098705304
0
0
0.014591218
0
0
0
0
0
0
0
0
0.761919101
0.016479485
0
0
0
0
0
0
0
0.00257492
0
0
0
0
0.018882756
0.051498459
0.017166136
0
0
0
0.03089905
0.023174289
0
0
0
0
0
0
0.014591218
0
0
0
0
0.053215016
0.177669536
0
0.132994671
0.732994402
1.125069445
0.0184536
0
0.20462478
0.031929008
0.027680371
0.059223186
0.168065191
0.414570931
1.397796425
0.041627952
0.012016294
0
0
0
0
0
0
0.037336351
0.011157979
0.012874606
0
0
0.007724765
0.000858307
0.041198724
0.051498396
0.130033953
0.224447188
0.000858307
2.872412067
0.025749207
0
0.496444738
0
0
0
0
0
0.01716615
0
0.012874612
0.018024442
0.030899061
0.03004074
0
0
0
0
0.005149843
0
0
0
0
0
0.203418756
0.038623779
0
0
0
0.016307824
0
0
0
0
0
0
0.013732918
0.021972647
0.093040496
0.010299686
0.015449535
0
0.011329659
6.26180374
0
5.4
0.24
0
0.01544949
0.038623815
0
0
0.017166136
0.922680535
0
0.970574445
0.386753083
0.229940368
0.001716613
0
8.663846078
4.489547365
0.001716613
2.874669821
16.49984816
29.95892485
0.102996832
0.079822557
0.059051532
0
0
0
0.440654669
1.137599966
26.85773308
19.51984117
3.549706702
2.835375875
2.71356551
4.697104207
0.016307827
0.032958989
0.04051212
0.132179373
0.061626426
0.093212149
3.30252605
6.013697114
9.290579059
0.54957393
3.062979191
5.224903651
0.923212144
0.00257492
2.510206725
1.001227821
0.317573805
0.44558999
0.51000633
0.389156278
5.06242645
10.48449382
0.349760079
0.264873543
0.326499938
0.105786203
0
4.245344913
14.77620127
0.18376353
0.11012092
0.124197
0
0
0.834317717
0.100507794
0.154838541
0.541763303
0.265731969
0.217924099
2.678518908
1.793304571
0.086603168
0.068664739
0.083599083
6.681924932
2.482401277
1.918746005
26.5092604
3.815775509
2.03955753
0
0
0
0
0
0.260581843
0
0.036220558
4.088140618
4.877931709
0.699519888
0.125999309
0
0.29920585
1.83665718
3.099389375
9.580471162
0.037765494
0.063257197
0.415763766
0.156040283
0.052356729
2.940225964
0.691740041
0.555325602
3.475671413
2.89842657
0.834403777
0
0
0.005149841
0.00514984
0.180244449
1.331063203
1.388496001
0.753764825
2.542048815
2.251880465
5.154949818
1.324109669
2.372965598
7.842868074
1.041898209
0.040855399
0
0
1.72786965
4.961925915
2.208448882
1.217899785
0.503663171
0.641498129
19.36817752
1.934109717
0.048408509
0
0.183162684
0.125999376
0.335082937
8.216534579
0.988434892
2.307130089
3.157025405
6.877185305
7.555764868
2.489888176
7.230722353
1.354751032
2.009167732
0
0.103168523
0.121879485
3.158568839
3.286849186
4.441911328
2.288109131
6.831611439
1.661085633
2.32850102
0.01974107
0
0.407353135
0.579700354
0.566310829
4.296614709
2.106135176
4.012072445
0.206508618
0.028753281
0
0
2.639168336
4.866710771
0.002574922
0.007724761
0.000858307
0.042486201
0.000858307
0.00343323
0.040340416
0.538244752
0
0
0
0.53317965
0.319719426
6.003708679
4.543412244
20.7294072
31.69737763
3.037376837
0.040769586
9.102133524
13.44555536
0.208139459
0.682698046
0.164966453
7.88539748
0.415463454
9.461679874
0.057077379
0.008583073
0
0.1620054
0
0.105571847
1.793905293
0
0.11737345
0.432016298
0
0
0
0
0
0
0.077934294
0.319633486
0.195565126
0.006866453
0.953356687
0.006866456
0
0.02059936
1.326715309
0.223588957
0
0
0.996267302
1.811157993
0
0
0
0
0
0
0
0
0
0
0
0
0
0
0
0.013732906
0.12
3.696130391
0.135449526
0
0
0.054073336
4.21298102
2.10504238
0
0
0
0
0
0
0
0
0
0
0.004291533
0.057506575
0.006008152
0.069093666
0
0
0
0
0
0
0
0
0
0
0
0
0
0
0
0
0
0
0
0
0.001716613
0.00858307
0
0
0.006008152
0
0
0
0
0.003433226
0.005149841
0
0
0
0.000858307
0
0
0.004291533
0
0.009441378
0.018024439
0.000858307
0
0
0
0
0
0
0.021457678
0.003433226
0.074243581
0.067806328
0.048494338
0.156048883
0.493354803
0.125141132
2.498294824
3.56469926
0.03604891
0
0
0.19655224
0.083770841
0.06471638
0
0
0
0
0
0
0
0
0
0.038280514
0.750331819
0.322294734
1.312471775
0.06
0
5.840631314
5.910176961
2.84760672
0.022230145
0
0
0
0.265645934
0
0
0
0
0
0.059652349
13.50224817
9.17822732
0.78268934
0.416622122
2.157180763
4.21368804
0.012016296
0.328902951
1.371489714
0.112094842
0.138702402
1.8
0.105571656
0.15449526
0.766511574
0.417506593
4.430455348
0
0
0.001716615
4.54894385
19.29762971
22.56773876
14.55232751
5.015261116
0
0
0
0
0
0.127887818
1.792599288
0.877361673
10.2294827
0.298519245
0.041456225
1.201329381
2.847143515
0.663041868
25.85329628
3.042785886
8.498318211
0.80002863
0.280580593
0.08162505
0.173206395
0
0.315256237
0
2.242756048
0.442543139
0.699953521
1.054267203
0
0
0.001716613
0
0
0.268306622
7.058596371
0.428896019
0.027637483
4.044429786
0.17406459
0.320062635
0.69188619
2.663883898
0.096988669
0
0.007724763
0.003433226
0.083255796
0
0
0.084972417
7.699636269
2.456861014
4.804803534
0.722351232
0.29431343
0.134239227
0.065917966
0.004119872
0.086088174
0.019397742
0.013089172
0.281224389
0.090551473
2.046719914
5.568485658
0.158014222
0
0
3.784276377
3.637935446
1.103481551
0.031757395
1.178726505
0
0.102138561
0
0.00257492
0
0.316715342
0.15947352
0
0.06746289
1.55533899
0.073986073
2.742120395
0.033473966
0
0.352420973
11.01688593
0.301102569
0.169086294
2.808243382
0.02798081
0.077509458
0.007724758
0.109863265
0.009441376
0.00377655
4.198236444
8.013177333
2.244731312
0.664587102
0.183677654
0.06
0
0.171146778
10.16445965
0.096907204
0
0
0
0
0.006866456
0.003433226
0
0
0
0.017595335
0.280666471
1.214229555
1.78364848
0.500599364
1.165065882
1.69902311
3.79595734
1.074428302
0.560350163
3.433245018
4.138112771
1.830169057
2.444162988
3.532963887
0.01502037
0
0
0
1.247262182
1.577053529
1.410456859
0
0
0.020599357
0
0.004291533
0.014591219
1.064472093
4.07421281
0.054073332
0
0
0.492840276
0.028495785
3.123418905
13.68201757
14.36763589
0.572147411
4.189939931
0.708228216
0
0.068492985
1.502724334
4.659397118
0.3
2.39364566
8.673449955
9.617398249
21.67639895
2.0897642
1.738671302
1.4265926
5.024702619
3.288433967
1.126786333
2.163970468
4.870766255
0
0.328740176
6.69346785
6.601456107
2.658522038
0.042057053
0
0
0.29525744
2.655005206
6.289460568
2.823486764
0.051498432
0
0.205993656
0.191402442
0.993919359
1.114081947
0.745096026
0
0
0
0.218181559
1.452110109
3.473421685
7.117766147
16.61673803
0.959758778
6.406018292
6.202343673
6.737017594
12.25118599
15.53497648
4.032069466
3.679305224
2.834303977
1.29355554
0.005149836
0
0
0
0.579185385
0.099134478
1.369299696
2.229108297
2.566348379
0.638237293
0
0
0
0.022315977
0.050211013
0
0
0.041842426
1.2
0.102996792
0.048923541
0
0
0
0
0
0.319805189
0.13716615
0.06480227
0.015449521
0
0.002574922
0
0
0
0
0
0
0.001716615
0
0
0
0
0.002574922
0
0
0
0
0
0
0
0
0
0.00257492
0
0
0.001716613
0
0
0
0
0
0.003433226
0
0
0
0.000858307
0.016307829
0.005149841
0
0
0
0.00257492
0
0
0
0
0.012016291
0
0
0
0
0
0
0
0
0
0
0
0
0
0
0.731458164
1.175924107
0
0
0
0
0.642014143
0
0
0
0.264702168
5.795044425
2.63157093
0.021114351
0
0
0
0.023174293
0.109519831
0
1.540360131
0
0
0
0.035791357
0
0
0
0
0
0
0
0
0.99863941
0.140762426
0.048837651
0
0
0.098705347
0.020771029
0.033473965
0.000858307
0.289936048
0
0.004291533
2.798726381
0.065231303
0
0.063943906
0.011157993
0.043773637
0
0
0.060858307
3.9344495
1.231563935
0
0
0
0
0
0.12
0.068664582
0
0
0
0
0
0
0
0
0
0
0
0.002574918
0.679692936
4.601518021
2.817952049
0.096173344
0.024032583
0.001029969
0.001544952
0.02111435
0.022315986
0.049438477
0.0612831
0
0.24247167
0.560131341
0.011157982
0.493397695
1.464701676
0.594720998
0.968298691
1.909216774
2.729613427
6.493353316
0.037121782
0
1.331149022
0.998554833
0.204276916
0
0
0.018024447
0.060081481
0
0
0
0.09638786
0.011844632
0.093169219
0
0
0.001716613
1.825275424
1.757383822
4.51589813
6.653514446
7.834079565
1.37174531
2.446123928
4.967924345
3.508811923
0.384349679
2.318716536
1.079749883
0.092697203
0.046777716
0.033302315
1.566153193
1.410288655
6.180153344
1.445432211
0.32615665
0.068664573
0.405120887
0.000858307
0
0.082397487
0
0.037250509
11.99300263
5.235956722
0.096645311
6.576662983
10.90520914
1.065567449
0.324440048
1.05940791
0.17938618
0.288906085
0.214534032
3.212602057
2.640150654
1.908926979
1.616887236
0.190715753
0.055360831
6.295900285
0.243115644
0.186166742
0.702180625
3.049317677
0.133896033
1.014518547
0.292253541
0.042486199
0.042829507
0.074243552
0.72056175
1.187733859
5.797867786
1.523581608
6.992543385
4.940422511
1.214762566
0.393619568
0.122308719
0.142908232
4.943367327
5.946910858
0.718316465
0.962634037
0.92899723
2.653111637
4.290108721
1.700392226
0.546226343
0.581245312
0.288734515
6.655168101
3.909645492
2.944367204
2.762461362
1.470422635
7.087520586
0.46125407
5.305842283
3.127384297
3.705097502
4.631521001
0.022916789
0.083341581
2.370562144
1.153780278
4.249748765
6.20353936
0.30298236
0.902278174
0.071668629
12.69282136
2.196579054
2.163063981
0.36
0.018453605
6.163796441
26.52711192
0.113039101
4.485387145
0
0.060510627
1.157474759
0.174665506
1.074617756
6.601971419
0.24
2.808917465
1.565869279
0
0.415763893
1.420841089
0
0
0.276288824
0
0.042915325
0.641940888
4.222623143
1.116709479
0.727415155
14.95926918
1.983376099
0.140676474
5.337211168
15.50463238
6.728228157
0.694370704
0.000858307
0
0
0.165395718
3.830367569
1.493238903
9.134497527
4.130373582
0.028324125
0
0
0.031757382
0
0.137500743
6.610942971
0
0
0
0.057420814
0
0.426866453
0.11029239
0
0
0
0.101709416
0.173807208
0.020599371
0.005149841
0
0.003433226
0
0.087375702
0.005149841
0.12145032
0
0
0
0
0
0
0.185149841
0.0600815
2.015991016
5.093111887
0
0
0
0
0
0.015449522
1.913509446
2.050413119
8.637829342
1.728493774
0.888562752
0.856547788
0.558243069
1.647262851
0.000858307
0
0
0
0
0
0
0.110378297
0
0
0
0
0
0
0.008583075
0
0
0
0.01167297
0
0
0
0
0
0
0
0
0
0
0
0
0
0.004291535
0
0.003433226
0.018882743
0.025749207
0
0
0
0
0
0
0
0
0
0
0
5.182032536
2.120876279
0.708725757
0.089864738
0.006008152
0.097932847
0.007724761
0
0
0
0
0
0
0
0
0
0
0
0
0
0
0
0
0.119047189
0.601798068
0.020599364
0
0
0
0
0
0
0
0.00600815
0.003433226
0
0
0
0
0.028667452
0
0.850583177
0
0.018024448
0.094585416
8.652425121
7.073809179
1.330718
2.251767443
0.010299676
0
0.076561034
0
0
0
0
0
0.102567654
0.000858307
0.776089708
0
1.874645606
0.381968256
0.032272333
0
0.033474006
0.11157993
0
0.133037528
2.792586694
2.520159405
3.421821309
0.00257492
0
0.270366714
0.006866458
0
0.009441373
0.09012225
0.054073303
0.204277091
0.051841733
0.105400089
0.155010208
0.016307829
0.172004635
0.474558024
0.199985459
0.011157989
0
0
0
0
0.022315982
0.019741059
0
0
0.003433225
0.007724761
2.403043289
9.416188986
0.459194088
2.558011829
9.760937
4.835117995
0.060253134
0.309805814
5.467538831
0.311393718
0.02974034
0.369896204
0
0
0
0.659136781
0.643833482
0.941850647
0.501466028
0.433273561
0.139560912
0
0.537403371
0.984564419
0.127458575
0
0
0.010299681
0
0.179901095
0.150203756
0.009269715
0.024032592
0.208324134
0.281009782
9.222060183
0.102825153
0.03570556
0
0.076389268
7.094962079
6.480263212
1.964862127
0.019741057
0
0
0
0.00257492
0.328044886
0.223846478
0.048065177
0.316028516
14.59688005
0.167627392
0
0.044460295
7.650035482
0.038623815
0
0.326328109
0.620040953
5.200591228
0.089950584
0
0.000858307
0.085144057
0.049095158
0.122656445
0.082397464
0
0.141620691
0.142994014
0.110893308
0.059738157
0.044803584
2.995304522
0.075530999
2.629256183
0.911178983
1.016063704
2.996692003
2.463385378
3.910769522
1.869483564
0.663557265
0.011157995
0.093555466
2.836396748
4.102602919
0.655575075
1.054610778
11.97026269
0.332636848
0.103855156
0.125484576
0.214190479
5.871343244
5.049232901
0.26581774
0.307535817
0.901913421
2.655688132
1.08577583
7.998411451
0.671728469
0.014591223
0.197414979
0.465734795
0.039224595
0.659179409
0.183772201
0.539103112
2.037346872
15.67969096
0.258007071
0.0463486
0
0.111494256
0.522623167
8.505075312
13.30501945
0.194835818
0.469579997
3.951346042
2.827576247
2.070671726
1.840563274
0.073814445
0
0.254015959
2.191876059
1.11888782
2.29897636
0
0.009441378
0
0.42486219
0
0
0
0
0.270967423
1.783301711
8.368707356
0
0.07467273
2.037749788
2.132851352
0.663849326
8.772694312
2.431764847
0.006866453
0
0.090122149
0.737199615
0.631327858
0.046734767
0.06
0
0.13346676
0.23835189
0.6432153
8.053538309
7.007050845
2.069764676
0.354909866
1.023393798
4.030868831
0.147628755
0.326259906
0.001716615
0.738187453
0.011157984
0.067806333
0.345142622
0
1.124211055
0.730422886
0
0
0
0.005149843
1.116344892
0.003433228
0
0.415592306
0.22873882
0.161627923
0.11930467
0.033903126
0
0
0.22401819
0
0.226164267
0.41327489
0
0.065403008
0.047206845
0
0
0
0.07038117
0
0.24161332
0.058364928
0.06
0
0.12
0.316045963
1.306198138
11.05904156
1.770086747
0.069522934
0.046005249
0
0
0
0.019741059
0
0
0
0
0
0
0.014591218
0.005149845
0.006866458
0
0
0
0
0
0
0
0
0
0
0
0
0
0
0
0
0.049781839
0
0
0
0.019741059
0
0
0
0
0.000858307
0
0
0
0
0.026264186
0
0.016307836
0
0
0
0
0
0
0
0
0
0
0
0
0
0.007724767
0.02231599
1.030483288
0.034332291
0
0
0
1.472941483
0.298690884
0.007724767
0
0.00257492
0
0
0
0
0
0.005149843
0
0.06
0
0.196380552
0
0
0
0
0
0
0
0
0
0
0
0
0
0.208053598
3.791638954
0.506057746
0
0
0
0
0
0.366668602
4.406597158
0.364291533
3.176206613
7.05211911
0
0
0
0
0.580996665
0.371745799
0.338988339
2.410672512
2.31184867
8.233868205
15.67141112
14.67731413
8.994973451
1.475817033
0.134067362
0.026607515
0.009613038
0.099735326
4.648033088
13.55048495
0.263843854
0.15732769
0
0
0
0
0
0
0
0.00600815
0.20556446
0.751619189
0.276804043
0.129604297
0.003433226
0
0
2.68572888
3.191309885
0.303943949
0
0.15085185
0.029869071
0.188741909
0.005149841
0.0903797
5.758360906
3.078038039
1.79225142
0.033903118
0.019912708
0.750718819
0
0.085401529
3.668316644
1.38841013
1.439916989
4.418222063
0.047550212
0
0.077676765
0
0.182690649
0.116171873
0.123167148
0
0.091924678
0.532326419
0.850109565
1.143869149
5.55805339
0.950712265
0.03304486
4.781415286
3.21725747
0.261225732
3.452132524
3.723688123
0.004291533
0.146512941
6.035576424
3.297028392
0.053558363
0.0128746
0.129776005
0
0.001716615
1.902910211
0.201273025
2.892668253
0.076303468
0.548415435
5.182544945
5.53961807
11.35194758
0.761575561
0.021457669
3.244247558
3.859897516
1.986297504
1.451525659
0.029697425
0.926671697
1.803132165
0.040512082
0.128745963
2.994445828
6.856761554
1.060275232
0.29783266
4.69456348
0.560826439
0.311393826
2.45341059
3.451816297
0.141277275
0
0.172133433
5.670141585
3.610873622
0.104541804
0.170803237
0.033473976
0.084457393
1.083733034
0.810765452
5.204982905
0.022401801
4.796220752
0.64812083
0.47327046
1.446959935
0.005149838
0.052356717
0.124282862
1.881783655
2.011401021
0.279464884
0.172390958
0.064802165
0.254402017
0.293369179
7.326067745
0.334842911
37.63665786
10.01637437
0.662011913
5.872151023
0.397052766
0.032186509
0.035619743
0.217924049
0.004291533
0.164279915
1.060057035
0.533180113
10.38728612
8.423600532
3.274884945
0.130805994
0.035190596
7.444872267
13.19475774
10.8469851
0.00257492
0
0.73814337
0.042057007
0
0
0
0
0
0
2.193661579
2.455531241
7.823298416
4.928943132
6.610722875
1.379651312
0.01029969
1.162409147
5.493291907
0.429153345
0.667522178
3.322196413
12.65340727
0.135955826
0.042915334
5.963003403
4.073525912
7.525701428
0.01373292
0
0
0.016136201
0.446319256
2.887515715
1.931796177
4.239052313
6.351958798
3.355852274
1.967111253
0.937786938
1.663676908
0
0.290537052
1.458348339
0.433616679
0
1.8
0
1.706628275
0.833588003
0
0
2.725010793
5.681399827
0
0.203418718
0
0
3.138702518
0.046348596
0
0
0
0
0
0.058150323
0.010299685
0.182991018
0.251484001
0.033903189
0.38718224
0.401773491
0.008239745
0.455949956
2.507634506
2.524496854
0
0
0
0
0.016307829
0.015449521
0
0
0
0
0.414389833
0.043773673
0.211830151
0.617637789
0.003433226
0
0
0
0.004291533
0
0
0
0.01029969
0
0.01716615
0.049095158
0.282554733
0
0
0
0.028324134
0
0.152778644
0.027465826
0
0
0
0.177497844
2.284900188
0.288391275
1.2
0
0.742745137
0.612445448
0.00257492
0
0.052785891
0
0.18
0.482287047
0.326585889
0
0
0
0
0.010299681
0
0
0.227322574
0.482196789
0.004291537
0
0.007724763
0
0
0
0
0
0
0.01029969
0.014591223
0
0
0
0
0
0
0
0
0
0
0
0.011157991
0.552663496
0.444259543
0
0
0
0.003433226
0
0
0
0
0
0
0
0
0
0.00257492
0.02961158
0
0
0
0
0
0
0
0
0
0.017595331
0.31079289
1.803645626
0.277336351
0
0
0
0
0
0
0
0
0
0.008583073
0
0.012531278
0.042057042
0.014934541
0
0.030469885
0
0
0.735740536
0.671840289
0
0
0
0
0
0
0
0
0
0.408468343
1.752335829
12.68200313
0.000858307
0
0
1.8
0
0
0
0
0
0.532794057
0.730934338
0.090122319
0
0.000858307
0.163850814
0
4.436635218
0.144281364
0.163593205
0.163593488
1.280764999
1.067604437
0
0.052099258
0.000858307
0.106944901
3.346626463
0
0
0
0
0.011157988
0.028753272
0
0
0
0
0
0.008583073
0
0
0.84148384
0
1.139659755
1.858158223
0.035619734
0.208396847
0.663771517
0.191157989
3.270899043
0.965766908
1.039924903
0.632486308
0
0.092529833
4.882826626
2.4
12.00429153
2.121350026
5.465269201
0.356540936
1.991701618
2.786750451
0
0.823731104
3.665212942
1.703491913
0
0.181021281
1.279234719
0.542621556
3.998852433
0.263843546
0.25148379
0.575237293
0.186424293
3.179479513
0.848702609
0.052356731
0.045490275
0.042915348
0.011157989
0.497474667
6.199855613
3.800287142
5.593462294
0.139388964
6.551288533
0.53300849
1.026191445
0.105743372
0.088577266
1.615162702
0.355596668
0.263757761
0.03175736
0.012531284
3.545679342
1.289563755
2.737412388
0.603741675
0.027465826
0.017166123
0.012874603
0.018882751
0.090551479
0.061798124
0.061798113
0.142479103
0.195264823
0.158014363
0.254831337
0.123081228
0.044631949
0.044417381
0.084114153
0.033473979
0.056862826
2.695256518
0.506400887
0
0.097332122
0.94817162
4.481393459
0.609003553
0.068235457
0.330233219
1.274701498
5.866721552
0.07733358
0.462241244
0.186638907
0
1.792613645
0.156469274
0.014591218
0.065402999
0.415189174
0.317230131
6.283760735
5.527887761
0
0.10471347
0.015449517
0.009441378
0.225391322
3.602245133
2.754831224
0.023174289
0
0.000858307
0.003433226
0.613444983
0.140599371
0.308664595
0.278705302
0.060253123
0
0.294914222
3.707975359
0.98757703
0.004291535
0
0.009441382
0.024032605
0.066947886
0.675153282
1.161298468
0
0
0
0
0.398181651
0
0
0.399370236
0.597690566
0.061716615
0.611157991
0
0
0.410614047
0.416708082
0
0
0
0
0
0.037336383
0.12257492
0
0
0
0.150203763
0.017166141
0.1705028
0
0
0.011372569
0.03742217
0.270194862
0
0
0.036907209
0
0
0
0.06
0.000858307
0.092782966
0
0
0
0
0
0.005149841
0
0
0
0
0
0
0
0
0
0
0
0
0
0
0
0
0
0
0
0
0
0
0
0
0
0.000858307
0.098705306
0.639438547
3.874400646
1.2
0
0.24
0
0
0
0
0
0
0.003433225
0.051498423
0.00600815
0.001716613
0
0
0
0.017166141
0
0
0
0
0
0
0.635834101
1.228924101
0
0
0
0
0.003433226
0
0.505714886
2.940388438
1.882953893
1.968373619
0.877361366
1.32617109
0
0.003433226
0
0
0
0
0
0
0
0
0
0
0
0
0.049352657
0.032443995
0
0
0
0
0
0
0
0
0
0
0
0.004291535
0
0
0
0
0.011157982
0
0
0.243587391
0.015449524
0
0
0
0
0
0
0.002574922
0
0
0
0.120334526
0.6
0.289086472
0
0
0
0
0
0
0
0
0
0
0
0
0
1.555938631
5.685343097
0.626521072
0.90899045
0
0.034546873
0.094070492
1.818152023
1.863084106
0.045490342
0
0
0
0
0.3
2.586939237
0.121716613
0.024847986
6.587593238
0.211873144
0
0
0
0
0
0
0.000858307
0.052700012
0.127286931
0.000858307
0
0.006008148
0
1.410671308
0.247196843
1.499047243
0
0.001716615
0.066347109
0.736255481
1.227465818
0
0
0
1.945997911
0
0.075016025
15.60115405
1.498774693
0.251411141
0.026607487
0.742435294
1.396121725
2.208038835
0.032100683
0
0
0
0
0
0
0.013389585
0.031242372
0
0
0
0
0
0
0
0
0
0.22899619
4.130175227
7.283252682
3.324140398
0
0.167541586
0.104026801
0.428895515
1.620230653
0.867147368
0.939159009
0.305557214
2.272582619
1.857506537
0
0.955986207
0.412931596
2.745901283
1.277075984
0.066089658
0.581588505
0.021457678
0.199560808
1.471309339
2.97806712
8.690761097
0.101027065
0
0
3.070854538
0.138359164
0
0
0.145740627
4.436297982
0.140165894
0
0
0
0.015106202
1.467967857
11.00658949
0.304617546
0.491466595
0.821614807
0.18505103
0.088405601
0.163078326
0.019741068
0.059223184
0.007724759
0.015449535
16.45166023
1.34385237
0.092010585
1.097611764
1.699319678
0.850753886
7.233683687
0.703426005
0.018539396
0.161447523
0.00343323
0.129775999
0.042915346
0.381693291
0
0
1.10000743
0.376625081
0.018882756
0.269165105
0
0
0.23612035
3.238180228
0.100421874
0.005149841
3.671490529
2.785129831
38.52787433
2.706715624
0.009098054
0.085315717
0.119304745
0.033044836
1.31303762
0.121021218
0.426321157
0
2.687453785
10.93827182
0.153078938
0.088062214
1.161468108
0.273027395
8.005100843
0.06
0
1.2
3.006866451
0.580644452
0.18
0
0
0.518889739
0.842951962
0.822391679
14.99879456
0
0.012874599
0.00858307
0.017166137
0
0
0.066175456
4.413716053
0.738659124
0
0
0.005149845
0.005149845
0.671239446
6.75440177
0
1.057906574
4.713610317
0
0
0
0
0
0
0
0
0.125312724
4.387110954
0
0
0
0.096988747
0
0
0
0
0
0.001716613
0
0
0.029182428
0
0
0
0
0
0
0
0
0
0.036048852
0.036907204
0.040683742
0
0
0.024032606
0
0
0
0
0
0
0
0
0
0
0
0
0
0
0
0
0
0.00600815
0
0.024032592
0.253028829
1.272955861
0
0.000858307
0
1.201716615
0.309441373
0
0
0
0
0
0.001716613
0
0
0
0
0
0
0
0
0
0
0
0
0
0
0
0
0
0.004291533
0.06
0
0
1.2
0.6
0.090122152
0
0
0
0.004291535
0.009441378
0.013732911
0
0
0
0
0
0
0
0
0
0
0
0.001716613
0
0
0.012874608
0.10943419
0.038838406
0.00257492
0
0
0
0
0.063085662
0.125055423
0.012531285
0
0
0
0
0
0
0
0.000858307
0.033044823
0
0
0
0
0.012874604
0
1.430424756
5.630536203
4.187728238
0
0.128574429
3.34722231
0.030598636
0.032100677
0
0.00686646
0.003433226
0
0
0
0
0
0.522194074
4.188893212
4.726253226
4.25514945
0.68754732
0
0
0.017852788
0
0.082826662
3.761746546
0.163640699
1.2
0.15269712
0
0
0.00257492
4.906558916
2.917394023
0.255646787
0.027465817
0
0.012016294
1.71578713
0.026435845
0.059394885
0.024676303
0.510847461
0
0.000858307
0.023174291
0.048923485
0
0.029182432
0.012874606
0.436277376
0.548930082
3.860414455
0.361261382
0.103855226
0.707077729
7.010868826
0.384521485
0
0
0
0
4.162145229
1.750861421
0.027465813
0
0
0.00944138
0
0
1.041298104
7.661055366
2.805633431
3.256135363
0.751280483
0.145740571
2.632796273
2.783497454
0.841569926
0.01287461
0
0.140848357
0.776514612
2.400178647
2.900735407
3.073183187
15.12054474
1.938400638
3.224060915
0
0
0
0
0.346073999
0
0
0.01476288
2.247393941
0.099005703
0.023174287
0.043215754
0.034203532
0.00257492
0
0.007724765
0
0.001716613
0
0
0
0.060167348
2.502578625
3.660465194
4.550112516
1.748213382
0.527863046
2.130060396
4.365963504
1.748633571
4.181885928
0.216207554
0.003433226
0
0
0
0
0
0.033044814
2.823453816
0.253629629
0.091452586
0.016736974
0.491681171
1.433716244
4.074734703
0.69808724
0.107502942
0.000858307
3.29671293
10.63670182
1.166121935
0.136728314
2.229109899
0
0.195007094
3.123190592
0.191831728
0.098748213
0.468215237
0.053472522
0.111579909
0.039911261
0
0
0.068664555
0.00600815
0.021457669
0
0.317745098
0
0.25483126
16.30891332
3.300710736
0.009441367
0
0
0
1.793904416
3.812319285
0.713553936
0
0
0
0
0.053644117
0.009441373
1.95337692
18.16304561
2.915370145
0
0
0
0
0
0.015020372
0
0
0.0489235
0
0.013217918
1.727617697
4.516027229
9.056664654
0.081453361
0
4.244631972
0
0
0
0
0
0
0.037336347
0
0
0
0.013389619
0.041627862
0.657750973
1.444703254
0
0
0
0
0.237150019
18.2801327
1.10366756
0.155353581
1.064042716
0.14226428
0.466777828
0
0.006008148
5.948801064
1.279760819
0.02317428
0
0.001716613
0.445808721
0
0
0
0
0
0
0
0
0
0
0
0
0
0
0
0
0
0
0
0
0
0
0
0
0
0.000858307
0.005149841
0
0
0
0
0.180858307
0
0
0
0
0
0
0
0
0
0
0
0
0
0.004291533
0.005149841
0
0
0
0
0.007724763
0.019741059
0
0
0
0.044631954
0.028324141
0.000858307
0
0
0
1.214591225
1.136171096
0.932336754
1.071339441
1.650322981
0.08840565
0
0
0
0
0
0
0
0
0
0
0
0
0
0.067724761
0
0
0
0
0.009870529
4.210299677
0.017166136
0
0
0
0
0.003433226
0
0
0
0
0
0
0
0.007724763
0.008583075
0
0
0
0
0
0
0
0.00257492
0
0
0
0
0
0
0
0.022315981
0
0
0
0
0
0
0
0.012874608
0.125741997
0.028324123
0.186008148
1.994921644
0.328731455
0.031843169
0.060253217
0
0.086774859
0.13689992
0
9.204834819
0.220499258
0.005149841
0.048065224
0
0
0
0
0.001716613
0.017509462
0.017166144
0
0
0
0
0.37456943
2.393616826
4.733267623
0
0
0
0.42
0
0
0
0.06
0.142822399
1.333466626
1.792746687
0
0.04334449
0.02403261
0
0.759803786
0.550715858
0
0.14814333
1.573165648
0
0.000858307
0.052700055
5.00904177
6.512970643
2.038736615
0
0
0
0.153980279
5.564126334
1.17931352
0
0.057849852
1.468572281
0.705957433
0.078105931
0
1.2
0.560084387
0.131921878
1.119575284
0.123596128
11.63448024
0.799512842
0.292038911
4.668006149
5.673023376
0.780437372
0.268538721
1.073279046
0.090894736
0.000514984
0.59953144
0.030384061
0.953665472
0.170502807
0.866134851
0.403532928
0
0.00343323
5.394600421
8.83567838
0.121321673
0
0.000858307
0.000858307
0
0
1.517058601
1.01220571
0.158786688
1.848623102
0.636851244
0.328392683
0.328044864
1.225838312
2.698132451
0
1.944453107
11.57848188
1.214710447
0.490522474
0.573520782
2.741874709
6.784061143
0.043344506
0
0
0
0.087976474
0.017166134
0
0
0.025963783
0.782775983
4.866350842
1.493489027
0
0.001716613
0
3.137461022
5.114326681
0.413704075
0.630379755
0.075273504
0.010814669
0.405635974
0.042743672
0.078878461
0.071239435
0.048666005
0.290193706
0.110035005
0.034675601
0.255947286
2.732339618
0.596785195
0.28848138
0.033774372
0.873499014
0.919594553
1.505306865
0.130805938
0.026264189
0
0
0
0.384178176
0.278529415
2.645518474
2.542949708
0.194664077
0
0
0
0
0
0.055618338
0
0
0.01244547
0.561418607
0
0.141191501
0.000858307
0.553865709
1.521273
0
3.193961936
6.304787113
3.929700306
3.283338193
0.263423101
4.096812776
0.783299087
0
0.053215038
0.081195713
0.14394247
0.357871215
1.798500642
3.772618405
0.043001175
0.617247675
17.30142818
4.84308422
2.147137334
6.58278925
0.275859889
2.543573085
0
0
0.996682497
0.239639222
4.38075937
0.638580316
0.56487358
0.180416151
3.733529429
1.858793609
6.3142346
29.78519004
0.283069615
3.302343734
5.317693394
2.142863028
1.500081498
0.327701594
0
0.10334014
0
0
0
0
0.035619732
7.729062222
9.264357949
2.171990458
0.797654961
0
0.005149845
4.07737734
0.010299685
0.324955144
0
1.638638439
1.920420457
0.54296495
0.014591223
0
0
0
0.02746584
0.175952817
0
0
0.011157993
0
0
0
0
0
0
0
0
0
0
0
0
0
0
0
0
0.020599369
0
0
0
0
0
0
0
0
0
0
0
0
0
0
0
0
0
0
0
0
0.014591214
0
0.00514984
0
0
0
0
0
0
0
0
0
0
0
0
0
0
0
0
0
0
0.06
0.030899034
0
0.00858307
1.229611588
0
0
0
0
0
0
0
0
0
0
0
0
0
0
0
0.00343323
0.008583075
0.00600815
0
0
0
0
0
0
0
0
0
0
0.000858307
0.005149843
0.009441376
0
0.009098057
0
0
0
0
0
0
0
0
0
0
0
0
0
0
0
0
0
0
0
0
0
0
0.002574918
0.129604406
0
0
0
0
0
0
0
0
0
0
0
0
0.017595288
0.003433226
0.167369871
0
0.060081498
0.132608592
0.86538797
0.225563182
0
0
0
0
0.209427012
0.743551654
0.092053483
0.709433676
2.970686844
0.801273187
2.401844747
0
0
0
0
0.010814663
0
0.981066427
3.630855515
4.959644905
15.69334073
5.800584906
0
0
0
0.006008152
0
0.000858307
0.004291535
0
0
1.605463135
1.362476106
3.409300238
0.036220572
0.021457678
0
0
0
0
0
0
0
1.827507278
14.10529172
3.004860965
0.290879735
3.126907691
0.0942421
2.102595789
8.904208357
0.241871012
0.053215046
0.03381729
0
0
0.860907996
16.60454973
12.413185
10.40172275
1.652185954
2.172319703
6.21127671
0.080766634
0
7.185553719
5.296556012
4.383288952
2.774417726
3.236849514
24.0791623
0.627684053
0.019912724
0.001888276
2.404582664
4.104169405
0.165138363
0.233802818
0.150032047
0
0
0
0.000858307
0.001716613
0.166511531
1.117970876
3.885468187
0.251355012
0
0.064458875
0.029182436
0
0
0
0
6.480681626
13.8673723
0.10213854
0.77144695
0.953162784
0.381689056
1.090049858
4.883684392
0.122737954
0.155696985
0.124969481
0.07158285
0.031757359
11.01699376
1.261367485
0.528717073
0.012016303
0
0.013732915
0.554294245
14.93532449
1.41762282
0.063343057
0
0
0.101280217
0.550775479
0.943974512
0.011157984
6.90645144
9.443229184
3.217306429
4.313166375
3.377077417
1.680247431
1.790598876
7.825677936
1.849007518
0.974865284
1.329775945
0.261955303
2.877680603
2.799714471
2.474079124
0.361947929
0.191402375
0.034332273
0.258178754
4.716527686
0.377573501
0.921315812
9.581373353
0.113811485
0
0.873159957
0.154495141
1.212616023
12.603871
0.217494893
0
0.024719244
0.982804909
0.355854199
8.113067175
0.434646386
0.434989878
0.015277863
0.433788303
0.155181964
0.963282179
13.7558179
4.529975136
0.259895232
0
0.057163234
0.809211926
0.820974808
0
0.019741059
0.119304729
0
0
0.586739545
4.045287725
0.902639073
0
0
0
0.200599375
2.223023464
2.687832689
25.90109224
2.309360403
0.223160121
1.930854212
1.349472689
0.00343323
0.529064581
0.067724763
0
0.484291537
3.119875188
13.79819481
6.407011028
0.225734782
0.916329195
0.035190585
0
0.30514984
0
0
0.153980205
3.381393213
0.003433226
0
0
0
0.099949913
0.174751294
0
0.771957558
0.017595292
0
2.04268628
0.009655947
0
0
0.05621913
1.769199354
2.637321877
0.230884466
0.868221011
0.611294839
8.937742606
7.74741777
0.948171216
4.997195663
3.492016296
0
0
0
0
0.024890904
0
0
0
0
0.024890913
0
0
4.201716615
2.362139991
0.178270364
0.030040744
0
0
0
0
0
0
0
0.010299688
0
0
0
0
0.6
0.010299681
0
0
0
0
0
0
0
0
0
0
0
0
0.00257492
0.019741059
0
0
0
0
0
0.000858307
0.000858307
0
0
0.011157986
0
0.003433226
0
0
0
0
0
0
0
0
0
0
0
0
0
0.001716615
0.020599376
0
0
0
0
0
0
0
0
0.006866458
0.012016305
0.00343323
1.349774728
0.033903099
0
0
0
0
0
0
0
0
0
0
0
0
0
0
0
0
0
0
0
0
0
0.013732911
0.02394676
0
0
0
0
0
0.010299685
0.010299681
0.011157988
0
0.015792847
0.022315981
0
0
0
0
0
0.29054123
0.006866458
0
0
0
0
0
0
0
0.046520244
0.289764306
0
0.212692819
0.204963542
0.180253114
1.366621719
0
0
0.083255769
0
0
0
0
0
0.300677948
0
0.96343323
0.679650864
0.00343323
0.007724767
0
0
0
0
0
0.147371316
0.524082123
1.372376897
2.703199731
8.629804428
0.322315981
0
0.646683178
0
0.05407339
0
0
0.006008148
3.593261741
0
0
0
0
0
1.265831131
5.788338173
2.977854406
5.643239943
3.99001118
0.948772398
1.300180739
4.356873864
5.843869734
2.240351221
5.115724861
1.878172351
0.037765511
0.065145541
3.135183344
1.043632652
0
0
0
4.958571242
2.203833463
0.078449249
1.114940951
8.056032331
0.693190391
0.008754735
0
3.477868474
0.697048487
0
0.371861571
3.75136491
0.297489351
0.778312743
0.7162657
0.026178356
0
0.241441823
6.721705651
0.062656402
0.15124238
4.630869975
3.758571626
0.541334114
0.627336555
0.31165121
0.055875774
1.937662025
11.05924772
0.961217764
1.249069144
0.143165678
0.247535713
0.844188452
0.076818474
0.059995651
0
0
0.737199873
2.072653471
0.402588798
5.917737451
1.853171684
0.186085341
0
0
0.008583071
1.0023309
7.704763892
0.09716035
0.037765514
0.733517552
13.86265473
5.544108026
0.105743418
0.082569126
0
2.549000802
2.905670144
0.608737486
0.236892743
2.582153303
0.528914805
0.541162622
0.210456848
0.368728524
0.022315984
0.03089905
0.919933013
3.680563398
0.00257492
0
0
0
0
0
0.12316694
1.008944963
0.095787069
0
0
0
0.764596982
0
0
0
0
0.020813938
1.262874146
4.71773176
0.804233657
0.605887421
0.001716613
0.087118216
0.807622985
1.241496296
0
0
0
0
0
0
0
0
0.015449535
2.061658104
12.56175461
4.417579194
0.048580171
0
14.51653094
0.390615376
0
0
0
0
0
0.001716613
0.018711093
0
0
0.006008152
8.454846934
9.649040833
0.208568614
3.180591466
4.431131106
0.000858307
3.930748462
16.63412992
0.145405913
0.204963704
0
0
0.036907236
0.003433226
1.246025582
5.41583345
0.000858307
11.7480802
0.751757355
5.815813867
0.024890917
0.011157997
0
0
0
1.488909975
0
15.04921906
5.215205635
7.67459932
4.283953136
5.68817572
2.168385238
0
0.06
0
4.944195565
0.010299681
0
0
0
0.198955599
1.160538917
4.361831026
4.62829509
0.059223204
0
0
0
0
0
0
0
0
0
0
0
0
0
0.027465831
3.08145222
1.687806216
0
0.6
0.030899079
0
0
0
0
0
0
0
0
0
0
0.004291535
0
0
0.01072881
0.065660553
0
0.047292646
0.079050185
0.07553106
0.436362808
2.073167397
0.037336338
2.821600429
0
0
0
0
0
0
0
0.029611584
0.024032587
0
0
0
0
0
0
0
0
0
0
0.000858307
0
0
0
0
0
0
0
0
0
0
0
0
0.001716613
0.012016296
0
0
0
0
0
0
0
0
0
0
0
0
0
0
0
0
0
0
0
0
0
0
0
0
0
0
0
0
0.00514984
0.015621187
0.018367754
0.024032601
0.006866453
0
0.404048128
0.013904562
0.003433226
0
0
0
0
0
0
0
0
0
0
0
0
0
0
0.000858307
0.007724759
0.015449517
0.094332273
0.058150296
0.09072305
0
0.364994955
1.08528255
0.022530564
0
0
0
0
0
0
2.764608785
0.003433226
0
0
0
0
0
0.039482082
0.326414193
2.958530152
3.302860054
6.965635833
14.98814979
0.14389516
0.734826939
0.465030657
7.960331716
11.30206438
3.134235432
2.100234445
0.020170206
0.008583075
0.046348569
0
0
0.017166145
10.35406443
37.31114052
1.308017998
0
0
0.170974791
8.030287481
0.671809984
0
0
0.288052168
0.429582629
0
0
0
0.855414797
0.018882751
0
0
0.022315973
0.262212849
0.237150297
1.927766319
0.019226083
0.107202497
4.65354424
0.469236266
0.01356125
0
0.125699012
3.11275825
0.264744785
0.207890678
1.64311384
0.144410149
0.007038116
0
0
4.385362489
2.54121954
0.11552817
0
0
0.001716613
0
0
0.024547582
3.865944758
0.892579522
0.967664383
3.224433131
1.405401189
0.613517729
0.177841244
2.32798629
2.999293845
0.063171381
0
0
0
0.008583075
0.042057036
5.057174868
4.051391376
0.880193594
0.340580562
4.829866523
5.828824416
2.156765137
0.843462601
0
0
0.037250521
0.008583071
0.017852782
0.005149841
2.603246978
1.414876713
0.698146845
2.093684558
3.952393415
4.655643179
4.985435593
2.767637138
4.059879109
2.516384772
0.567169186
0.464344043
1.316471242
0.660055545
0.019741059
0.038366306
0.073642718
0.057163231
0.102996846
1.251201904
8.582346513
0.240497458
0.001716613
0.20118726
0.087976485
0
0.008583073
0.001716615
0.00858307
0.05578996
0.028324139
5.837673561
3.109089247
0.076904293
0.029525758
0.421171236
3.356197597
22.68652739
7.212831151
0.153121743
0.032959008
0
0
0.040340419
0.714969324
0.047206872
0
0
0
0
0.093383759
0.401344349
0.070896166
0.573357653
0
0.001716613
0
0
0.071239482
0
0
1.211157993
0.12
0.371827146
0.114583999
0.761172639
0
0.178441961
0.73038486
0.025320042
0
0
0
9.525521236
1.029809834
0
0
0.001716613
0.001716613
0
0
0
0.027036675
0.010299685
9.934780262
1.137214411
0
0.6
0.030469959
0.047206906
0.342721804
6.162046597
3.186114432
7.610997777
0.669754236
0
0
0
0
0
0.048923505
1.091680579
0.074591214
4.776249979
0.595691118
0.093555495
1.532778634
0.62156916
0.787377145
0.052356717
0
0
5.348757435
2.443773665
0
0
0
0
0.038623837
1.213303753
0.055360755
0.001716613
0
0.060081484
0
0
0
0
0.0369072
0
0
0
0
0
0.004291535
0
0
0
0
0
0
0
0
0
0.012016291
0
0.006866458
0
0
0
0.021457674
0
0
0
0
0
0
0
0
0
0
0
0
0
0
0
0
0
0
0
0
0
0
0.012016296
0
0
0
0
0
0
0
0
0.005149841
0
0
0
0
0
0
0.745654731
0.07553097
0.335190558
0.527614104
1.2
0.031757355
0.003433226
0
0
0
0
0
0
0
0
0
0
0
0
0
0.01373292
0.0120163
1.233387307
0.003433226
0
0
0
0
0.02703667
0.031757362
0.01974105
0.020084383
0.045490262
0
0
0
0.034761429
0
0
0
0
0.012445445
0
0
0
0
0
0
0
0
0.008583064
0
1.911244765
0
0
0
0.804276967
0
0
0.30984876
0.856552345
0
0
0
0
0
0.009441376
0
0
0
0
0.289335293
0
0
0
0
0
0
0
0
0
0
0.008239747
0.556697663
0.012874599
0
0
0
13.77115684
0.175523679
3.090765075
21.85443898
2.151866161
0.070638755
0
0
1.093783954
0.053429542
0
1.32145067
4.505683915
0.021028511
0.127973618
0.030040733
0.00514984
1.10452157
0.200414628
0
0
0
0.052785864
0.006866458
0
0.006866453
0
0
0.072612769
0.627692781
0.04549028
0
0
0
0
0
0
0
0
0
0
7.011899654
6.198396927
0.052185062
0
0
0
0
8.152852136
4.018595865
0.178699486
2.660474468
0
0
0.070381191
0.006008152
0.020599362
0
0.991559692
0.280846719
0
0
0.023689305
2.100963077
8.461984261
7.740377741
1.200342064
3.106390588
5.047636062
1.305862836
1.746282
0.818661629
0.024032603
0.102825076
0.106086599
0.746238006
0.488810038
2.485275888
0.074844295
0.930232217
0.15741345
0.54640214
6.075971415
0.538004175
0.856165481
0.458164062
0.513628069
0.125484529
0.06162644
0.624753465
17.60207539
9.410227291
0.35499569
0
0.932173023
0.406322526
10.55293468
0.064630514
0
0
0.262727649
2.516552599
7.526647837
2.053080435
1.087903974
0
0
0.019869812
0
0.340468944
0.015020363
0
0
0.003433228
0.610205303
1.237597385
0.006008148
0
0.030899065
0.324440001
0.024719256
0
0
0
0.908719942
5.880778638
0
0
0
0
0.449581239
0.231146377
0
0.043773642
0.292682601
0.19140681
0
4.895912947
0
0
0.001716613
0.163593296
0
0.617899425
3.071744297
0.974526527
0
0
1.832613371
4.745413833
0.794367455
0.711536685
1.157818044
2.068323279
0
0
0.000858307
0.133252233
3.65435006
0.004291533
0
0
0.338258906
4.892228912
10.75016978
0.049953468
0
0.013732909
0.269250758
0.052528392
2.229411092
9.09193116
5.096885073
1.390075298
0
0.151152218
0.495530898
0
0.260843838
5.063971907
14.73578276
1.900038577
1.2
0.015449519
1.394148216
0.10213857
0.60408
0
0
0
0
0
0
0.227026506
0
0
0
3.609998409
0.026178354
0.823644459
13.46186721
0.023088457
0.24401663
0.78273786
0.039052998
0
0
0
0
0.038623797
0.182132655
0.052356735
0
0
0
0
0
0
0
0
0.005149845
0
0
0
0
0
0
0
0
0
0.12
0
0
0
1.8
0
0
0
0.156907209
0.12600815
0.00257492
0
0
0
0.005149841
0
0
0
0
0
0
0
0
0
0
0
0
0
0
0
0
0
0
0.003433226
0
0
0
0
0.001716613
0
0
0
0
0
0
0
0
0
0
0
0
0
0
0
0.345039368
0.054888722
0.041627927
0.023603438
0
0
0.040984182
0
0
0
0
0
0
0
0
0.097975763
0.263929493
0
0
0
0
0
0
0
0.003433226
0
0
0
0
0
0
0
0.333881478
0.061197281
0
0
0
0
0
0
0
0
0
0
0.007724767
0.048923514
0
0
0
2.341831768
0.887360836
1.362991245
0.03647803
0
0
0.096130319
0
1.158886872
0.202049603
4.019969598
9.330926071
1.43809432
0
0
0.434217437
0.366840378
8.154134475
0.032615631
0.001716615
2.23528879
3.683867523
0.8532006
0.040340439
0.382217202
9.370613984
2.753631095
2.61184711
3.412785884
7.647520983
0.169781819
0
0.024204252
3.896043109
0.785565923
0
0
0
0
0
0
0
0.796466529
0.70827473
0
0.186008146
4.48718994
0.812477536
0
0
0
0
0.000858307
0.006866455
0
0
0.07424363
2.839427007
0.50356801
0.525798862
0.418682063
0
0
0
0.341606222
0.648279232
0.004291533
0.02403259
3.24815562
0.674972449
0.005149841
0
1.472519537
3.271739212
0.617981409
4.283944307
0.036907216
0.004291537
0
0.916852742
5.316923714
0.10299686
0
0
3.210842865
13.47795627
0.233974524
0.003433228
0.048751853
0.063772204
0.033559797
0
0.00257492
0.095014606
1.930778887
4.123184733
0.458250093
1.159869483
0.069437024
0.006866455
2.144935628
3.679343769
0.530777205
0.101108596
0.126085277
1.204248159
0.001716613
0
0
0.689649311
1.305335079
0.004463194
0
0
0
0
0
0.692838426
0.124540267
0.747164679
0.606179381
0.027594571
0.910501171
9.818225254
1.080436507
0.636224216
8.325109243
0.481896586
0.082225778
0.025835052
0.147457031
0
0.272512649
2.926721209
0.088405627
4.975597279
1.131390471
3.332507568
1.006794342
0.036048895
0
0
0
0.026178359
0.959858321
2.918020928
6.946571121
0.22006985
0.517731275
4.550266445
0.112352407
0.328559893
0.116558139
5.146755185
0.588309817
0.02283096
0.199212668
2.390668685
0.024547583
0.012874601
0.335254709
0.897530936
1.14206794
2.197750656
2.340877281
4.40268817
0.369758543
0.637997002
0.907582399
1.011644119
0.00343323
0.316629426
0.200852578
0.12
3.713037069
5.060537636
3.565836535
5.542046061
0.951399476
1.984714558
10.01207528
1.556960544
4.320117833
0
0.038623797
0
7.793797857
5.130593051
0.83934227
25.81200554
2.804130503
0.255453606
4.729400136
6.381868521
11.86586736
0.022745133
0.862945892
5.753214502
0.043644901
0
0
0.050253835
4.525855842
0.049567271
0
3.723352048
0.468850121
6.99104789
2.553626799
0
0
0
0.915054322
0.213718529
0
0.018882747
0.366497244
0
0.006866456
0.614547738
7.949729031
1.477760188
1.322179052
17.95443307
0.718266047
1.050314365
3.264541488
2.95064182
1.839351222
0.12359619
0
0
0.184021345
2.15091781
0
0.771879672
1.280511919
1.609240669
2.206977719
1.508740195
0.662097887
1.186304844
0.358600715
0
0.099306165
0
0
0
0
0
0
0
0
0
0
0
0
0
0
0
0
0
1.851498432
0
0.100250166
5.159458526
4.680309166
2.170925257
2.578356227
0.077247583
0
0
0
0.008583073
0
0
0
0.011157989
0
0
0
0
0
0.003433226
0
0
0.09784701
0.083684934
0.062141481
0.00514984
0
0
0
0.0248909
1.349002064
0.152186509
0.512495214
0.482797793
4.517539343
0
0.004291533
0.6
0
0
0
0
0.005149841
0
0
0
0
0.023174257
0.464696161
0
0
0
0
0
3.928388287
0.742714878
0.597467704
0.044117023
0.290966107
9.22225772
0.25449234
0
0
0
0
0
0
0.06
0
0
0
0
0
0
0
0
0
0
0
0
0
0
0
0
0
0.00257492
0.044031147
0.010299676
0.016307838
0.013732902
0.003433226
0
0
0
0.001716613
0.014591223
1.211587117
0.490912983
0.106000936
0.055360834
0.0298691
0.001716615
0
0.006866455
0.089778955
0
0
0
0.063514737
0
0.010299688
0.017166136
0
0
0
0.00686646
0
0.966994915
0
0
0
0.801143854
0.000858307
0
1.977368156
1.109618867
0.21800997
0
0
0
0.03476142
0
0.02145767
0
0
0
0
0
0
0
0.618711091
0
0
0
0
0
0
0
0.161104213
0.736002931
0.47836491
0.280194421
0.640983618
0.061798196
0
0
0
0.027379991
0.045232774
0.020170206
8.393431501
4.662801887
0
0.048837688
2.170659583
11.32278994
0.176982898
0.152006379
0
0.004291533
0.004291533
0
0.000858307
0
1.2
1.387582288
0.341705003
0.43499005
1.564914
0
0
0
0
0
0.0601673
0.024547581
0
0.000858307
2.402131194
0.188398408

