  Sim 
      0.1905
      0.1906
      0.1909
      0.1915
      0.1920
      0.1925
      0.1930
      0.1935
      0.1940
      0.1945
      0.1960
      0.1989
      0.2023
      0.2060
      0.2095
      0.2124
      0.2160
      0.2199
      0.2231
      0.2262
      0.2296
      0.2333
      0.2380
      0.2431
      0.2471
      0.2512
      0.2554
      0.2599
      0.2647
      0.2690
      0.2731
      0.2774
      0.2841
      0.2911
      0.2961
      0.3008
      0.3055
      0.3101
      0.3148
      0.3193
      0.3240
      0.3326
      0.3436
      0.3543
      0.3646
      0.3726
      0.3795
      0.3861
      0.3928
      0.4024
      0.4124
      0.4198
      0.4268
      0.4343
      0.4425
      0.4506
      0.4577
      0.4646
      0.4716
      0.4787
      0.4885
      0.4989
      0.5080
      0.5207
      0.5328
      0.5415
      0.5519
      0.5737
      0.6070
      0.6396
      0.6634
      0.6792
      0.6986
      0.7233
      0.7453
      0.7628
      0.7772
      0.7935
      0.8101
      0.8285
      0.8516
      0.8711
      0.8856
      0.8992
      0.9160
      0.9399
      0.9665
      0.9935
      1.0170
      1.0341
      1.0495
      1.0648
      1.0814
      1.1028
      1.1262
      1.1463
      1.1636
      1.1797
      1.1997
      1.2231
      1.2431
      1.2669
      1.2926
      1.3110
      1.3259
      1.3401
      1.3539
      1.3674
      1.3807
      1.3936
      1.4063
      1.4188
      1.4310
      1.4433
      1.4591
      1.4780
      1.4969
      1.5171
      1.5374
      1.5577
      1.5752
      1.5881
      1.6014
      1.6177
      1.6399
      1.6664
      1.6873
      1.7011
      1.7137
      1.7283
      1.7434
      1.7561
      1.7679
      1.7797
      1.7933
      1.8083
      1.8231
      1.8365
      1.8480
      1.8589
      1.8695
      1.8799
      1.8900
      1.8998
      1.9111
      1.9225
      1.9319
      1.9409
      1.9497
      1.9582
      1.9665
      1.9746
      1.9825
      1.9901
      1.9976
      2.0050
      2.0126
      2.0210
      2.0290
      2.0359
      2.0424
      2.0487
      2.0549
      2.0609
      2.0668
      2.0725
      2.0780
      2.0833
      2.0885
      2.0935
      2.0984
      2.1031
      2.1076
      2.1121
      2.1163
      2.1205
      2.1245
      2.1284
      2.1322
      2.1359
      2.1394
      2.1428
      2.1461
      2.1493
      2.1524
      2.1553
      2.1582
      2.1609
      2.1636
      2.1662
      2.1686
      2.1710
      2.1733
      2.1755
      2.1776
      2.1797
      2.1816
      2.1835
      2.1853
      2.1871
      2.1888
      2.1903
      2.1919
      2.1933
      2.1947
      2.1961
      2.1974
      2.1986
      2.1998
      2.2009
      2.2020
      2.2030
      2.2040
      2.2049
      2.2058
      2.2067
      2.2075
      2.2083
      2.2091
      2.2098
      2.2105
      2.2112
      2.2119
      2.2125
      2.2130
      2.2136
      2.2141
      2.2146
      2.2152
      2.2159
      2.2171
      2.2184
      2.2195
      2.2206
      2.2216
      2.2225
      2.2235
      2.2243
      2.2252
      2.2260
      2.2267
      2.2274
      2.2281
      2.2288
      2.2294
      2.2301
      2.2306
      2.2312
      2.2318
      2.2323
      2.2328
      2.2332
      2.2337
      2.2341
      2.2345
      2.2349
      2.2353
      2.2357
      2.2360
      2.2364
      2.2367
      2.2373
      2.2380
      2.2385
      2.2391
      2.2396
      2.2402
      2.2407
      2.2411
      2.2416
      2.2421
      2.2425
      2.2429
      2.2433
      2.2437
      2.2441
      2.2444
      2.2448
      2.2452
      2.2456
      2.2459
      2.2462
      2.2465
      2.2469
      2.2471
      2.2474
      2.2477
      2.2480
      2.2484
      2.2487
      2.2490
      2.2493
      2.2498
      2.2507
      2.2516
      2.2525
      2.2533
      2.2541
      2.2548
      2.2556
      2.2572
      2.2631
      2.2751
      2.2878
      2.2966
      2.3028
      2.3086
      2.3142
      2.3196
      2.3250
      2.3333
      2.3438
      2.3523
      2.3591
      2.3688
      2.3847
      2.3988
      2.4085
      2.4183
      2.4277
      2.4366
      2.4448
      2.4540
      2.4639
      2.4736
      2.4843
      2.4946
      2.5026
      2.5089
      2.5163
      2.5237
      2.5313
      2.5409
      2.5569
      2.5855
      2.6010
      2.6055
      2.6134
      2.6106
      2.6213
      2.6334
      2.6286
      2.6316
      2.6396
      2.6511
      2.6638
      2.6903
      2.6815
      2.6861
      2.6943
      2.6989
      2.7099
      2.7090
      2.7099
      2.7187
      2.7373
      2.7640
      2.7312
      2.7295
      2.7321
      2.7348
      2.7377
      2.7426
      2.7544
      2.7840
      2.8473
      2.8288
      2.8338
      2.8012
      2.7873
      2.7906
      2.8016
      2.8218
      2.8577
      2.8172
      2.8185
      2.8258
      2.8358
      2.8408
      2.8271
      2.8283
      2.8343
      2.8485
      2.8725
      2.9098
      2.8813
      2.9118
      2.9389
      2.8932
      2.9276
      3.0361
      3.1939
      3.1833
      3.0669
      2.9529
      2.9458
      3.0334
      2.9946
      2.9457
      2.9024
      2.9080
      2.9443
      2.9311
      2.9883
      2.9656
      2.8926
      2.9113
      2.9449
      3.0272
      3.0775
      3.0499
      3.0332
      2.9296
      2.9012
      2.9115
      2.9405
      2.9853
      3.0282
      2.9792
      2.9381
      2.9244
      2.9479
      3.0078
      2.9803
      2.9565
      3.0307
      2.9141
      2.8574
      2.8435
      2.8410
      2.8413
      2.8444
      2.8462
      2.8440
      2.8618
      2.8899
      2.9100
      2.9535
      3.0238
      3.0314
      3.0407
      3.0562
      3.0294
      3.0191
      2.9462
      2.9519
      2.9935
      3.0652
      3.1311
      3.0954
      2.9781
      2.9710
      2.9841
      3.0134
      2.9818
      2.9779
      3.0078
      3.0590
      3.1100
      3.1111
      3.1091
      3.0885
      3.0976
      3.1075
      3.1158
      3.1214
      3.1330
      3.1561
      3.1921
      3.1714
      3.1748
      3.1819
      3.1883
      3.1943
      3.1995
      3.2047
      3.2130
      3.2236
      3.2331
      3.2431
      3.2576
      3.2672
      3.2565
      3.2742
      3.2962
      3.3044
      3.3108
      3.3168
      3.3229
      3.3289
      3.3348
      3.3407
      3.3465
      3.3522
      3.3580
      3.3666
      3.3782
      3.3921
      3.4060
      3.4191
      3.4302
      3.4376
      3.4444
      3.4509
      3.4573
      3.4636
      3.4696
      3.4756
      3.4814
      3.4871
      3.4928
      3.4985
      3.5041
      3.5094
      3.5147
      3.5198
      3.5247
      3.5295
      3.5342
      3.5388
      3.5433
      3.5476
      3.5519
      3.5560
      3.5600
      3.5638
      3.5676
      3.5714
      3.5751
      3.5787
      3.5823
      3.5859
      3.5892
      3.5925
      3.5957
      3.5989
      3.6020
      3.6051
      3.6081
      3.6110
      3.6138
      3.6166
      3.6194
      3.6222
      3.6246
      3.6269
      3.6294
      3.6318
      3.6343
      3.6368
      3.6407
      3.6455
      3.6513
      3.6577
      3.6646
      3.6628
      3.6632
      3.6646
      3.6664
      3.6672
      3.6684
      3.6695
      3.6706
      3.6716
      3.6726
      3.6736
      3.6746
      3.6755
      3.6764
      3.6773
      3.6781
      3.6790
      3.6798
      3.6806
      3.6813
      3.6820
      3.6827
      3.6834
      3.6841
      3.6849
      3.6857
      3.6866
      3.6872
      3.6882
      3.6903
      3.6940
      3.6924
      3.6924
      3.6927
      3.6927
      3.6927
      3.6928
      3.6928
      3.6928
      3.6928
      3.6929
      3.6929
      3.6929
      3.6929
      3.6929
      3.6931
      3.6935
      3.6932
      3.6930
      3.6930
      3.6929
      3.6928
      3.6927
      3.6927
      3.6927
      3.6929
      3.6936
      3.6931
      3.6930
      3.6934
      3.6950
      3.6996
      3.7017
      3.6983
      3.6974
      3.6969
      3.6970
      3.7004
      3.7148
      3.7562
      3.8283
      3.8414
      3.7826
      3.7307
      3.7187
      3.7094
      3.7042
      3.7039
      3.7161
      3.7532
      3.7220
      3.6954
      3.7088
      3.7672
      3.7723
      3.6751
      3.6674
      3.6536
      3.6374
      3.6217
      3.6157
      3.6207
      3.5978
      3.5786
      3.5688
      3.5604
      3.5534
      3.5488
      3.5363
      3.5277
      3.5216
      3.5214
      3.5275
      3.5237
      3.4942
      3.4933
      3.5078
      3.4882
      3.4647
      3.4585
      3.4590
      3.4622
      3.4615
      3.4777
      3.5336
      3.5107
      3.4365
      3.4189
      3.4133
      3.4024
      3.3950
      3.3884
      3.3821
      3.3771
      3.3757
      3.3779
      3.3780
      3.3748
      3.3714
      3.3685
      3.3673
      3.3709
      3.3829
      3.3991
      3.4249
      3.3757
      3.3738
      3.3817
      3.3953
      3.4046
      3.3665
      3.3697
      3.3694
      3.3824
      3.3311
      3.3059
      3.2993
      3.2982
      3.3041
      3.3243
      3.3446
      3.3678
      3.2850
      3.2755
      3.2866
      3.2990
      3.3092
      3.3004
      3.2706
      3.2421
      3.2491
      3.2832
      3.2861
      3.2345
      3.2257
      3.2715
      3.3846
      3.3408
      3.2331
      3.2249
      3.2300
      3.2105
      3.2407
      3.3392
      3.5116
      3.2407
      3.1617
      3.1636
      3.1858
      3.2434
      3.2060
      3.1503
      3.1915
      3.3013
      3.1240
      3.0950
      3.0777
      3.0617
      3.0767
      3.0707
      3.0567
      3.0488
      3.0478
      3.0554
      3.0787
      3.0458
      3.0485
      3.0706
      3.0872
      3.1119
      3.1157
      3.0768
      3.1729
      3.4176
      3.1561
      3.1107
      3.1752
      3.0411
      3.0422
      2.9798
      2.9446
      2.9387
      2.9222
      2.9204
      2.9362
      2.9931
      3.1257
      3.0224
      2.9186
      2.9514
      2.8752
      2.8671
      2.8979
      2.9347
      3.0588
      3.2902
      3.0507
      2.8840
      2.8183
      2.8377
      2.8478
      2.8601
      2.7948
      2.8027
      2.8037
      2.8774
      2.9057
      2.8103
      2.7508
      2.7651
      2.7583
      2.7589
      2.7512
      2.7639
      2.7827
      2.8198
      2.8031
      2.8115
      2.8573
      2.9013
      2.9315
      2.9939
      3.1617
      2.9256
      2.9023
      2.9042
      2.9249
      2.9649
      2.9946
      3.0099
      3.0188
      3.0257
      3.0378
      3.0661
      3.1253
      3.1417
      3.1636
      3.1279
      3.1851
      3.1838
      3.1889
      3.1942
      3.1997
      3.2072
      3.2167
      3.2283
      3.2429
      3.2576
      3.2696
      3.2791
      3.2869
      3.3006
      3.3296
      3.3534
      3.3625
      3.3701
      3.3776
      3.3848
      3.3922
      3.4020
      3.4164
      3.4290
      3.4370
      3.4443
      3.4517
      3.4594
      3.4686
      3.4777
      3.4884
      3.5046
      3.5144
      3.5231
      3.5316
      3.5394
      3.5470
      3.5549
      3.5627
      3.5699
      3.5781
      3.5875
      3.6050
      3.6229
      3.6320
      3.6399
      3.6479
      3.6564
      3.6658
      3.6745
      3.6909
      3.7086
      3.6999
      3.7036
      3.7094
      3.7151
      3.7206
      3.7262
      3.7320
      3.7368
      3.7419
      3.7468
      3.7517
      3.7564
      3.7610
      3.7655
      3.7700
      3.7743
      3.7786
      3.7829
      3.7874
      3.7926
      3.7967
      3.8002
      3.8040
      3.8119
      3.8208
      3.8262
      3.8310
      3.8359
      3.8394
      3.8433
      3.8474
      3.8515
      3.8553
      3.8589
      3.8624
      3.8658
      3.8690
      3.8721
      3.8750
      3.8779
      3.8808
      3.8835
      3.8861
      3.8887
      3.8913
      3.8937
      3.8961
      3.8984
      3.9007
      3.9030
      3.9052
      3.9076
      3.9098
      3.9119
      3.9139
      3.9159
      3.9176
      3.9194
      3.9211
      3.9228
      3.9244
      3.9259
      3.9274
      3.9289
      3.9303
      3.9316
      3.9329
      3.9341
      3.9352
      3.9364
      3.9374
      3.9385
      3.9395
      3.9405
      3.9414
      3.9423
      3.9432
      3.9440
      3.9448
      3.9456
      3.9464
      3.9473
      3.9481
      3.9488
      3.9495
      3.9502
      3.9509
      3.9516
      3.9523
      3.9529
      3.9535
      3.9541
      3.9546
      3.9552
      3.9557
      3.9562
      3.9568
      3.9575
      3.9590
      3.9623
      3.9653
      3.9678
      3.9661
      3.9654
      3.9655
      3.9663
      3.9688
      3.9719
      3.9724
      3.9766
      3.9850
      3.9888
      3.9869
      3.9898
      4.0121
      4.0011
      3.9815
      3.9766
      3.9722
      3.9687
      3.9654
      3.9621
      3.9589
      3.9562
      3.9550
      3.9583
      3.9699
      4.0089
      4.0429
      4.0270
      3.9611
      3.9508
      3.9470
      3.9427
      3.9385
      3.9348
      3.9322
      3.9316
      3.9352
      3.9261
      3.9185
      3.9162
      3.9245
      3.9366
      3.9409
      3.9380
      3.9407
      3.9456
      3.9577
      3.9717
      3.9880
      4.0026
      4.0033
      3.9999
      3.9838
      3.9844
      3.9909
      4.0009
      3.9912
      3.9873
      3.9883
      3.9916
      3.9971
      4.0043
      4.0091
      4.0171
      4.0225
      4.0418
      4.0816
      4.0706
      4.0858
      4.1546
      4.1750
      4.0466
      4.0304
      4.0279
      4.0269
      4.0266
      4.0324
      4.0530
      4.0993
      4.0568
      4.0355
      4.0166
      4.0062
      4.0024
      3.9995
      3.9982
      3.9993
      4.0077
      4.0309
      4.0975
      4.2436
      4.0828
      4.0503
      4.0621
      4.0904
      4.1285
      4.1276
      4.1248
      4.1471
      4.2047
      4.2241
      4.2056
      4.2011
      4.1765
      4.1774
      4.1851
      4.2001
      4.2072
      4.2105
      4.2320
      4.2910
      4.2349
      4.2144
      4.2170
      4.2297
      4.2410
      4.2379
      4.2406
      4.2641
      4.2592
      4.2566
      4.2637
      4.2725
      4.2907
      4.3318
      4.3045
      4.3270
      4.3765
      4.4001
      4.3271
      4.3113
      4.3430
      4.4398
      4.6675
      4.7408
      4.4249
      4.3552
      4.3760
      4.4243
      4.4492
      4.5358
      4.5965
      4.4763
      4.4418
      4.5226
      4.4338
      4.3989
      4.5421
      4.8865
      4.8410
      4.7409
      4.3246
      4.2757
      4.3316
      4.4394
      4.3291
      4.2930
      4.4112
      4.7075
      4.5969
      4.3388
      4.2303
      4.1636
      4.1518
      4.1545
      4.1625
      4.1732
      4.1723
      4.2622
      4.5606
      5.0729
      4.1303
      4.0301
      4.0300
      4.0398
      4.0768
      4.0883
      4.1216
      4.1112
      4.0658
      4.0091
      4.0069
      4.0583
      4.1975
      4.2253
      3.9587
      3.9306
      3.9343
      3.9257
      3.9259
      3.9387
      3.9784
      3.9959
      3.9278
      3.9195
      3.9182
      3.9214
      3.9334
      3.9453
      3.9498
      4.0183
      4.0392
      3.9708
      3.9699
      3.9594
      3.9580
      3.9581
      3.9661
      3.9621
      3.9820
      4.0333
      4.0866
      4.1699
      4.0189
      4.0056
      4.0156
      4.0184
      4.0200
      4.0285
      4.0399
      4.0529
      4.0380
      4.0627
      4.0924
      4.1009
      4.1257
      4.1864
      4.2320
      4.2434
      4.2570
      4.2715
      4.2807
      4.2886
      4.2963
      4.3040
      4.3218
      4.3408
      4.3505
      4.3631
      4.3794
      4.3951
      4.4115
      4.4265
      4.4500
      4.4971
      4.5719
      4.5210
      4.5423
      4.5782
      4.6076
      4.6512
      4.6945
      4.7215
      4.7401
      4.7632
      4.7978
      4.8318
      4.8517
      4.8654
      4.8787
      4.8959
      4.9409
      4.9857
      5.0076
      5.0382
      5.0682
      5.0862
      5.1015
      5.1182
      5.1470
      5.1770
      5.2084
      5.2379
      5.2556
      5.2706
      5.2834
      5.3045
      5.3277
      5.3439
      5.3577
      5.3708
      5.3833
      5.3956
      5.4097
      5.4276
      5.4440
      5.4564
      5.4678
      5.4787
      5.4894
      5.5000
      5.5103
      5.5202
      5.5298
      5.5392
      5.5484
      5.5574
      5.5660
      5.5743
      5.5826
      5.5907
      5.5990
      5.6075
      5.6135
      5.6201
      5.6267
      5.6330
      5.6392
      5.6451
      5.6508
      5.6563
      5.6616
      5.6669
      5.6720
      5.6770
      5.6818
      5.6864
      5.6909
      5.6953
      5.6995
      5.7036
      5.7076
      5.7115
      5.7152
      5.7188
      5.7223
      5.7257
      5.7290
      5.7322
      5.7353
      5.7382
      5.7411
      5.7440
      5.7470
      5.7498
      5.7525
      5.7554
      5.7582
      5.7604
      5.7627
      5.7649
      5.7676
      5.7703
      5.7727
      5.7750
      5.7772
      5.7794
      5.7817
      5.7849
      5.7905
      5.8009
      5.8219
      5.8174
      5.8224
      5.8127
      5.8118
      5.8135
      5.8183
      5.8165
      5.8208
      5.8182
      5.8205
      5.8390
      5.8936
      5.9935
      5.9145
      5.8599
      5.8810
      5.8775
      5.9215
      5.9367
      5.8212
      5.8008
      5.7925
      5.7844
      5.7764
      5.7685
      5.7607
      5.7534
      5.7470
      5.7435
      5.7479
      5.7698
      5.7707
      5.8025
      5.7313
      5.7119
      5.7090
      5.6868
      5.6775
      5.6718
      5.6677
      5.6535
      5.6460
      5.6415
      5.6390
      5.6250
      5.6156
      5.6095
      5.6008
      5.5937
      5.5868
      5.5799
      5.5733
      5.5670
      5.5599
      5.5541
      5.5506
      5.5542
      5.5742
      5.5958
      5.6173
      5.6403
      5.7365
      5.6472
      5.5617
      5.5108
      5.5369
      5.6390
      5.8559
      5.5394
      5.6231
      5.8996
      5.5240
      5.4353
      5.3597
      5.3416
      5.3022
      5.2826
      5.2673
      5.2558
      5.2459
      5.2383
      5.2437
      5.2828
      5.3847
      5.2029
      5.1687
      5.1697
      5.1632
      5.1906
      5.2875
      5.1773
      5.1556
      5.1307
      5.0524
      5.0326
      5.0462
      5.0952
      5.0874
      4.9770
      4.9524
      4.9422
      4.9403
      4.9617
      5.0278
      5.0791
      5.0593
      4.9923
      4.8939
      4.8784
      4.9167
      4.9564
      4.8735
      4.8366
      4.8315
      4.7870
      4.7627
      4.7447
      4.7476
      4.7756
      4.8504
      4.7516
      4.7499
      4.7233
      4.7114
      4.7542
      4.7236
      4.7032
      4.7114
      4.7616
      4.7306
      4.8069
      4.6760
      4.6110
      4.6272
      4.5884
      4.5657
      4.5365
      4.5297
      4.5305
      4.5507
      4.5795
      4.5935
      4.6161
      4.6900
      4.8462
      4.5964
      4.5849
      4.5865
      4.5805
      4.4891
      4.4708
      4.4600
      4.4543
      4.4738
      4.5279
      4.5067
      4.4367
      4.4507
      4.5001
      4.3938
      4.3645
      4.3497
      4.3760
      4.4651
      4.5982
      4.4011
      4.3342
      4.3413
      4.3419
      4.3647
      4.4552
      4.6147
      4.5098
      4.3370
      4.2582
      4.2399
      4.2272
      4.2233
      4.2244
      4.2420
      4.2847
      4.3759
      4.4106
      4.1968
      4.2017
      4.2251
      4.2534
      4.1325
      4.1235
      4.1375
      4.1297
      4.0915
      4.1297
      4.2673
      4.4824
      4.1621
      4.2368
      4.6146
      4.6423
      4.0570
      4.0130
      4.0673
      3.9642
      3.9350
      3.9344
      3.9446
      3.9901
      4.1023
      3.9549
      3.9784
      4.0238
      3.9986
      3.9903
      4.0534
      4.0803
      4.0355
      4.1993
      3.9914
      4.0776
      4.2803
      4.0804
      4.1782
      4.2109
      3.9761
      3.8688
      3.9016
      3.9506
      3.9870
      3.7835
      3.7090
      3.7324
      3.7943
      3.9705
      4.2062
      3.7608
      3.7871
      3.8475
      3.6431
      3.5914
      3.6145
      3.6860
      3.8097
      3.6665
      3.7508
      3.5182
      3.4746
      3.4906
      3.5561
      3.6528
      3.5452
      3.5122
      3.5105
      3.5048
      3.5143
      3.5379
      3.5793
      3.5816
      3.5211
      3.5267
      3.5409
      3.5511
      3.5617
      3.5902
      3.6241
      3.6493
      3.6614
      3.6662
      3.6735
      3.6797
      3.6836
      3.6865
      3.6909
      3.6955
      3.7040
      3.7148
      3.7230
      3.7300
      3.7447
      3.7606
      3.7665
      3.7715
      3.7767
      3.7858
      3.7984
      3.8083
      3.8162
      3.8231
      3.8292
      3.8351
      3.8404
      3.8475
      3.8546
      3.8599
      3.8648
      3.8695
      3.8740
      3.8785
      3.8829
      3.8872
      3.8914
      3.8955
      3.8995
      3.9038
      3.9095
      3.9162
      3.9175
      3.9208
      3.9244
      3.9279
      3.9314
      3.9348
      3.9389
      3.9445
      3.9530
      3.9496
      3.9509
      3.9531
      3.9553
      3.9575
      3.9595
      3.9617
      3.9641
      3.9653
      3.9670
      3.9687
      3.9703
      3.9719
      3.9737
      3.9761
      3.9803
      3.9881
      3.9856
      3.9841
      3.9846
      3.9854
      3.9861
      3.9868
      3.9876
      3.9884
      3.9889
      3.9897
      3.9908
      3.9918
      3.9925
      3.9934
      3.9946
      3.9950
      3.9953
      3.9960
      3.9965
      3.9974
      3.9984
      3.9991
      3.9997
      4.0003
      4.0009
      4.0014
      4.0019
      4.0024
      4.0029
      4.0034
      4.0039
      4.0045
      4.0048
      4.0051
      4.0055
      4.0058
      4.0063
      4.0071
      4.0089
      4.0126
      4.0107
      4.0110
      4.0112
      4.0116
      4.0119
      4.0122
      4.0124
      4.0127
      4.0129
      4.0131
      4.0134
      4.0141
      4.0161
      4.0208
      4.0208
      4.0180
      4.0173
      4.0170
      4.0166
      4.0162
      4.0159
      4.0155
      4.0151
      4.0148
      4.0144
      4.0141
      4.0140
      4.0146
      4.0176
      4.0282
      4.0566
      4.0800
      4.0390
      4.0362
      4.0380
      4.0345
      4.0245
      4.0203
      4.0171
      4.0141
      4.0109
      4.0078
      4.0048
      4.0024
      4.0024
      4.0048
      4.0112
      4.0240
      4.0411
      4.0063
      3.9991
      3.9970
      3.9965
      3.9986
      4.0051
      4.0357
      4.0920
      4.0448
      4.0029
      4.0023
      3.9931
      3.9836
      3.9828
      3.9766
      3.9749
      3.9828
      4.0147
      4.0505
      4.0767
      4.0885
      4.0763
      4.0806
      4.0852
      4.0573
      4.0662
      4.0952
      4.1138
      4.1505
      4.1893
      4.2039
      4.1809
      4.1982
      4.1882
      4.1930
      4.1964
      4.2034
      4.2188
      4.2541
      4.2722
      4.2948
      4.3451
      4.4070
      4.5167
      4.3859
      4.3764
      4.4271
      4.3656
      4.3354
      4.3469
      4.3431
      4.3643
      4.3469
      4.3578
      4.3751
      4.3798
      4.3860
      4.3968
      4.4114
      4.4040
      4.4363
      4.4518
      4.4583
      4.4670
      4.4726
      4.4846
      4.5174
      4.6098
      4.7697
      4.6752
      4.5579
      4.4974
      4.4960
      4.5052
      4.5048
      4.5125
      4.5264
      4.5743
      4.5510
      4.5548
      4.6006
      4.6240
      4.6401
      4.6407
      4.6479
      4.6707
      4.7028
      4.6842
      4.6563
      4.6567
      4.6606
      4.6719
      4.6896
      4.7059
      4.7080
      4.7157
      4.7247
      4.7577
      4.7791
      4.8851
      4.8815
      5.0435
      5.2608
      4.8268
      4.7976
      4.8075
      4.7858
      4.8031
      4.8490
      4.8595
      4.9319
      5.0675
      5.1432
      4.8617
      4.7864
      4.8187
      4.8330
      4.7471
      4.7373
      4.7386
      4.7426
      4.7472
      4.7533
      4.7573
      4.7732
      4.7992
      4.8394
      4.8714
      4.8095
      4.8001
      4.8365
      4.9720
      5.2760
      5.1481
      4.8032
      4.8021
      4.8362
      4.8271
      4.8265
      4.8225
      4.8203
      4.8197
      4.8174
      4.8342
      4.8571
      4.9061
      4.8744
      4.9199
      4.9538
      5.0511
      5.3054
      5.3076
      5.0661
      5.0540
      5.0686
      4.9700
      4.9920
      5.0904
      4.9594
      4.9691
      5.0641
      5.2070
      5.2077
      5.1584
      5.0589
      5.2587
      5.3868
      5.2089
      5.0387
      4.8972
      4.9050
      4.9215
      4.8696
      4.8464
      4.8532
      4.8868
      4.8917
      4.9576
      4.8905
      4.8934
      4.8979
      4.9946
      4.8127
      4.7904
      4.7949
      4.8115
      4.8655
      4.8309
      4.7833
      4.7818
      4.7685
      4.7961
      4.8562
      4.9198
      4.9525
      4.9358
      4.9689
      4.9976
      5.0057
      5.0113
      5.0282
      5.0470
      5.0690
      5.0913
      5.0996
      5.1070
      5.1165
      5.1292
      5.1270
      5.1341
      5.1424
      5.1485
      5.1548
      5.1610
      5.1667
      5.1724
      5.1781
      5.1836
      5.1892
      5.1948
      5.2009
      5.2072
      5.2129
      5.2189
      5.2249
      5.2301
      5.2351
      5.2414
      5.2477
      5.2526
      5.2571
      5.2622
      5.2687
      5.2749
      5.2796
      5.2842
      5.2884
      5.2926
      5.2967
      5.3007
      5.3049
      5.3091
      5.3125
      5.3179
      5.3246
      5.3285
      5.3270
      5.3296
      5.3330
      5.3352
      5.3399
      5.3455
      5.3501
      5.3553
      5.3608
      5.3608
      5.3661
      5.3704
      5.3735
      5.3764
      5.3793
      5.3820
      5.3846
      5.3872
      5.3896
      5.3919
      5.3941
      5.3963
      5.3985
      5.4007
      5.4029
      5.4052
      5.4077
      5.4106
      5.4147
      5.4228
      5.4181
      5.4188
      5.4208
      5.4207
      5.4214
      5.4223
      5.4232
      5.4240
      5.4247
      5.4254
      5.4261
      5.4268
      5.4275
      5.4280
      5.4285
      5.4290
      5.4295
      5.4299
      5.4304
      5.4307
      5.4311
      5.4315
      5.4319
      5.4324
      5.4331
      5.4332
      5.4333
      5.4336
      5.4339
      5.4341
      5.4343
      5.4344
      5.4346
      5.4348
      5.4349
      5.4351
      5.4353
      5.4356
      5.4359
      5.4360
      5.4366
      5.4385
      5.4442
      5.4580
      5.4540
      5.4651
      5.4519
      5.4481
      5.4464
      5.4449
      5.4434
      5.4426
      5.4433
      5.4456
      5.4437
      5.4456
      5.4436
      5.4431
      5.4459
      5.4587
      5.4916
      5.4842
      5.4848
      5.5560
      5.7052
      5.7975
      5.4926
      5.4494
      5.4393
      5.4299
      5.4241
      5.4302
      5.4747
      5.6094
      5.9215
      5.7988
      5.4935
      5.4376
      5.4234
      5.4106
      5.3031
      5.2795
      5.2667
      5.2566
      5.2520
      5.2720
      5.3461
      5.3998
      5.3996
      5.2378
      5.2693
      5.2701
      5.1640
      5.1402
      5.1669
      5.1205
      5.0917
      5.0852
      5.0889
      5.1231
      5.2312
      5.2596
      5.0258
      4.9872
      4.9793
      4.9807
      5.0236
      5.1595
      5.2670
      4.9400
      4.9179
      4.9399
      4.9520
      4.9574
      4.9642
      4.9438
      4.9398
      4.9410
      4.9347
      4.9459
      4.9827
      4.9575
      4.9263
      4.9339
      4.9785
      5.0968
      5.0688
      5.2335
      5.6266
      5.1116
      4.9875
      4.9231
      4.9125
      4.9076
      4.9032
      4.9008
      4.9032
      4.9075
      4.9442
      5.0325
      5.0131
      4.8978
      4.8675
      4.8667
      4.8902
      4.9465
      5.0074
      5.0759
      4.8512
      4.8244
      4.8304
      4.8299
      4.8430
      4.8872
      4.8423
      4.8543
      4.9049
      4.8670
      4.7987
      4.7664
      4.7588
      4.7544
      4.7536
      4.7702
      4.8023
      4.8085
      4.8120
      4.8505
      4.8592
      4.8898
      4.8204
      4.8591
      4.9161
      4.7451
      4.6974
      4.6949
      4.7141
      4.7771
      4.8273
      4.7518
      4.7182
      4.7408
      4.8718
      5.1543
      4.7265
      4.6212
      4.6107
      4.6127
      4.6252
      4.6791
      4.8011
      4.6431
      4.6684
      4.7202
      4.8016
      4.7750
      4.6553
      4.6956
      4.5287
      4.4943
      4.4301
      4.4372
      4.4729
      4.5496
      4.5586
      4.5669
      4.5279
      4.5761
      4.4251
      4.3884
      4.3128
      4.3033
      4.3199
      4.3365
      4.3622
      4.4294
      4.3752
      4.3659
      4.2557
      4.2429
      4.2532
      4.2746
      4.3368
      4.3388
      4.2112
      4.1901
      4.1821
      4.1748
      4.1666
      4.1601
      4.1561
      4.1552
      4.1392
      4.1360
      4.1393
      4.1595
      4.2070
      4.3585
      4.5028
      4.8959
      4.9739
      4.2476
      4.1803
      4.4182
      4.4092
      4.0201
      3.9951
      4.0345
      4.1767
      4.0323
      4.1474
      3.8797
      3.8369
      3.8245
      3.8153
      3.8036
      3.8049
      3.8179
      3.7660
      3.7587
      3.7557
      3.7363
      3.7255
      3.7162
      3.7072
      3.7008
      3.7079
      3.7313
      3.7468
      3.7461
      3.7478
      3.7548
      3.7354
      3.7333
      3.7426
      3.7590
      3.7415
      3.7471
      3.7729
      3.8288
      3.8668
      3.8516
      3.8561
      3.8677
      3.8825
      3.8930
      3.9018
      3.9156
      3.9276
      3.9335
      3.9472
      3.9703
      3.9900
      4.0015
      4.0088
      4.0165
      4.0273
      4.0479
      4.0868
      4.0763
      4.0843
      4.0958
      4.1158
      4.1518
      4.1390
      4.1265
      4.1320
      4.1381
      4.1429
      4.1476
      4.1524
      4.1586
      4.1681
      4.1837
      4.2147
      4.2427
      4.2607
      4.2834
      4.3084
      4.3411
      4.3884
      4.4290
      4.4540
      4.4760
      4.4946
      4.5089
      4.5209
      4.5323
      4.5433
      4.5547
      4.5660
      4.5779
      4.5920
      4.6075
      4.6214
      4.6322
      4.6419
      4.6512
      4.6603
      4.6691
      4.6777
      4.6860
      4.6941
      4.7030
      4.7118
      4.7195
      4.7268
      4.7339
      4.7407
      4.7474
      4.7538
      4.7602
      4.7665
      4.7726
      4.7783
      4.7838
      4.7892
      4.7943
      4.7993
      4.8042
      4.8088
      4.8133
      4.8177
      4.8219
      4.8259
      4.8298
      4.8336
      4.8372
      4.8408
      4.8444
      4.8478
      4.8513
      4.8552
      4.8598
      4.8652
      4.8753
      4.8816
      4.8766
      4.8772
      4.8787
      4.8804
      4.8815
      4.8825
      4.8834
      4.8844
      4.8853
      4.8862
      4.8870
      4.8879
      4.8886
      4.8894
      4.8904
      4.8919
      4.8946
      4.8959
      4.8990
      4.8999
      4.9083
      4.9304
      4.9380
      4.9266
      4.9125
      4.9092
      4.9073
      4.9057
      4.9045
      4.9016
      4.8996
      4.8982
      4.8987
      4.9060
      4.9321
      4.9973
      4.9802
      4.9214
      4.9149
      4.9268
      4.9291
      4.8939
      4.8897
      4.8895
      4.8759
      4.8732
      4.8763
      4.8594
      4.8553
      4.8570
      4.8587
      4.8744
      4.8405
      4.8437
      4.8795
      4.9926
      5.1880
      5.2585
      5.1160
      4.9051
      4.7845
      4.7621
      4.7494
      4.7378
      4.7299
      4.7330
      4.7578
      4.7755
      4.8554
      4.6836
      4.6603
      4.6871
      4.7385
      4.8324
      5.1416
      4.7470
      4.7325
      4.5438
      4.4935
      4.4707
      4.4545
      4.4372
      4.4293
      4.4211
      4.4371
      4.3892
      4.3750
      4.3580
      4.3207
      4.3034
      4.2894
      4.2788
      4.2792
      4.3074
      4.3772
      4.2459
      4.2317
      4.2668
      4.1829
      4.1690
      4.1710
      4.1755
      4.1115
      4.0898
      4.0758
      4.0624
      4.0505
      4.0398
      4.0423
      4.0767
      4.1715
      4.0788
      4.0661
      3.9684
      3.9344
      3.9150
      3.8997
      3.8868
      3.8756
      3.8625
      3.8527
      3.8498
      3.8537
      3.8903
      3.9067
      3.7980
      3.7800
      3.7935
      3.8442
      3.8143
      3.7451
      3.7122
      3.7108
      3.6787
      3.6661
      3.6541
      3.6462
      3.6398
      3.6341
      3.6217
      3.6126
      3.6125
      3.6229
      3.6024
      3.6184
      3.5713
      3.5764
      3.6240
      3.7279
      3.5480
      3.5276
      3.5445
      3.4875
      3.4722
      3.4617
