   3.519662    
   4.639340    
   6.242282    
   7.372907    
   7.336949    
   7.333377    
   7.379587    
   7.343596    
   7.311996    
   7.594420    
   14.01999    
   19.02167    
   21.64643    
   24.85419    
   24.79159    
   25.29963    
   27.81620    
   28.05438    
   27.91756    
   27.89939    
   28.83456    
   29.22250    
   33.24744    
   33.32797    
   33.39550    
   34.00462    
   34.00046    
   35.37434    
   35.87284    
   35.71476    
   35.55223    
   36.04087    
   41.62238    
   41.35271    
   41.07151    
   40.79731    
   40.53580    
   40.26546    
   39.99871    
   39.74911    
   39.78750    
   48.08106    
   51.08868    
   55.68709    
   56.79528    
   56.57199    
   56.09420    
   55.63089    
   55.35054    
   59.89709    
   59.42689    
   58.91680    
   58.52634    
   58.72105    
   59.72647    
   59.20108    
   58.69397    
   58.22487    
   57.82866    
   57.61639    
   61.80536    
   61.51032    
   63.15167    
   68.19308    
   67.73984    
   67.18040    
   69.85027    
   83.12256    
   95.12965    
   101.7286    
   102.5294    
   101.6208    
   106.4145    
   109.4269    
   110.6474    
   109.6270    
   108.4842    
   109.5610    
   108.5847    
   111.0245    
   113.7343    
   112.2716    
   110.8125    
   109.1985    
   110.5976    
   114.6845    
   117.3698    
   121.2467    
   120.8594    
   119.8113    
   118.3544    
   116.9047    
   116.5681    
   118.7446    
   119.2313    
   118.5704    
   117.0611    
   115.5989    
   117.4408    
   118.2558    
   116.6480    
   120.8021    
   120.2259    
   118.2194    
   115.7644    
   113.4569    
   111.0757    
   108.7820    
   106.8530    
   104.7627    
   102.6410    
   100.5720    
   98.65222    
   97.12275    
   98.69905    
   99.88716    
   100.8362    
   102.9141    
   103.4837    
   105.3622    
   103.2201    
   101.0324    
   99.70798    
   100.4574    
   104.1520    
   107.7741    
   105.6903    
   103.7011    
   101.6416    
   101.7663    
   99.93557    
   97.92316    
   95.88988    
   94.12154    
   94.29122    
   93.87541    
   93.52709    
   91.56814    
   89.64947    
   87.57822    
   85.54998    
   83.38352    
   81.31462    
   79.17372    
   79.34489    
   77.35639    
   75.35118    
   73.53237    
   71.74859    
   69.91151    
   68.16173    
   66.47009    
   64.82262    
   63.12762    
   61.52740    
   59.89706    
   58.97805    
   59.02187    
   57.37535    
   55.76410    
   54.31624    
   53.01894    
   51.72964    
   50.36394    
   48.99593    
   47.64236    
   46.33108    
   45.07652    
   43.82690    
   42.57294    
   41.33208    
   40.15703    
   39.02135    
   37.93992    
   36.93048    
   35.90412    
   34.91250    
   33.93009    
   32.96341    
   32.01597    
   31.08817    
   30.16271    
   29.22225    
   28.28307    
   27.38756    
   26.51126    
   25.72632    
   24.97106    
   24.23248    
   23.49678    
   22.76802    
   22.04292    
   21.31684    
   20.62392    
   19.97005    
   19.36126    
   18.74421    
   18.15078    
   17.58578    
   17.04246    
   16.43449    
   15.84142    
   15.30973    
   14.82207    
   14.36352    
   13.93717    
   13.52627    
   13.09475    
   12.65714    
   12.24499    
   11.87437    
   11.50236    
   11.15310    
   10.84668    
   10.54003    
   10.24099    
   9.951239    
   9.655596    
   9.392367    
   9.202718    
   8.963300    
   8.696208    
   8.443968    
   8.204934    
   7.983963    
   7.736330    
   7.508083    
   7.301031    
   7.863591    
   8.874451    
   11.62418    
   11.78858    
   11.56029    
   11.28380    
   11.19761    
   10.89985    
   10.58987    
   10.27249    
   9.979424    
   9.702452    
   9.432102    
   9.169584    
   8.919705    
   8.705882    
   8.487601    
   8.280292    
   8.083247    
   7.893943    
   7.707262    
   7.516628    
   7.333269    
   7.158062    
   6.997771    
   6.854768    
   6.711522    
   6.573871    
   6.445280    
   6.491588    
   6.367723    
   6.241923    
   6.176931    
   8.088878    
   7.986103    
   7.860864    
   7.843349    
   7.717751    
   7.560688    
   7.415148    
   7.275947    
   7.135078    
   7.011872    
   6.884272    
   6.763073    
   6.662107    
   6.556998    
   6.450684    
   6.341344    
   6.537304    
   6.421713    
   6.305617    
   6.200345    
   6.107052    
   6.023471    
   5.933683    
   5.839025    
   5.753029    
   5.667654    
   6.094060    
   6.019855    
   5.933400    
   5.850762    
   5.756947    
   7.538290    
   9.752961    
   9.734660    
   9.767391    
   9.791348    
   9.719238    
   9.592005    
   9.707534    
   14.29539    
   30.59029    
   43.50069    
   48.37175    
   48.21843    
   48.06117    
   47.53373    
   46.99150    
   46.43428    
   45.90885    
   51.42465    
   53.86962    
   53.72057    
   53.20045    
   58.45725    
   66.62622    
   66.14526    
   66.77868    
   67.10239    
   67.14201    
   66.61047    
   65.91679    
   66.85187    
   66.88798    
   66.23905    
   65.60609    
   64.90997    
   64.19979    
   63.92112    
   63.21315    
   62.48205    
   61.64656    
   61.01197    
   61.52536    
   63.16632    
   62.55598    
   61.99700    
   63.77333    
   64.63704    
   64.04639    
   63.46486    
   63.16561    
   63.38835    
   63.20425    
   62.66480    
   67.77839    
   72.54626    
   72.20455    
   71.56200    
   71.21545    
   70.54905    
   69.84555    
   69.11589    
   68.45501    
   67.81100    
   67.16763    
   66.51650    
   65.81918    
   65.12364    
   64.44793    
   63.78250    
   63.17276    
   62.69764    
   62.92419    
   63.61075    
   68.20700    
   68.32198    
   68.68961    
   69.40388    
   70.92412    
   74.35641    
   74.67767    
   75.76778    
   76.43008    
   79.65844    
   79.85545    
   79.07529    
   78.29275    
   77.54436    
   76.87380    
   77.22007    
   78.16931    
   83.04787    
   82.30118    
   81.47577    
   81.28982    
   81.79221    
   83.27528    
   84.98711    
   85.71201    
   84.84998    
   83.99243    
   85.42374    
   88.28510    
   88.35803    
   87.45212    
   86.60474    
   93.68089    
   99.53281    
   99.34097    
   98.99197    
   99.62018    
   98.84402    
   98.13809    
   98.71262    
   113.4179    
   114.6006    
   113.6396    
   112.7193    
   111.8112    
   114.4407    
   116.2510    
   115.1764    
   114.1873    
   121.6276    
   120.9856    
   120.4900    
   119.7816    
   118.5549    
   118.1705    
   117.3709    
   116.2422    
   115.0359    
   113.8810    
   112.6498    
   113.2094    
   112.0873    
   110.9805    
   110.6747    
   110.5987    
   111.5294    
   113.6288    
   112.3701    
   111.0378    
   125.5404    
   127.4056    
   127.6264    
   132.9251    
   132.5336    
   134.1329    
   133.6791    
   132.2949    
   131.2523    
   129.7964    
   128.2791    
   126.5995    
   124.9703    
   130.5353    
   133.0568    
   131.3974    
   132.9481    
   131.5795    
   130.0797    
   129.6264    
   128.8200    
   129.0502    
   141.7837    
   146.4151    
   147.0913    
   145.7894    
   145.5525    
   145.5877    
   147.2659    
   145.9880    
   144.7632    
   142.3338    
   142.1463    
   144.4266    
   144.0423    
   141.8530    
   140.6244    
   138.7198    
   137.0087    
   134.7231    
   132.4499    
   129.9406    
   129.8944    
   128.7659    
   126.8884    
   124.8903    
   122.8656    
   120.7983    
   118.2762    
   127.2909    
   125.0523    
   122.4620    
   119.7228    
   117.4144    
   115.1657    
   112.9142    
   110.5983    
   108.5414    
   106.4793    
   104.3174    
   102.1266    
   102.3367    
   102.7106    
   105.1041    
   105.0482    
   106.1565    
   103.7003    
   101.0109    
   98.39819    
   95.99218    
   93.71788    
   91.43188    
   89.11519    
   86.92424    
   84.68571    
   82.56174    
   80.74292    
   78.99075    
   77.19022    
   75.36430    
   73.44839    
   71.52986    
   69.41038    
   67.35998    
   65.27955    
   63.36412    
   61.64605    
   60.04131    
   58.46354    
   56.88347    
   55.23170    
   53.64278    
   52.06796    
   50.50665    
   49.10854    
   47.72564    
   46.78263    
   45.50080    
   44.44295    
   43.29405    
   42.15358    
   41.13415    
   40.12870    
   39.12527    
   38.07991    
   36.98314    
   35.95951    
   34.95856    
   33.97967    
   33.12294    
   32.30248    
   31.50014    
   30.67286    
   30.17420    
   29.39955    
   29.38704    
   31.91528    
   31.28231    
   30.46334    
   29.62665    
   28.78149    
   27.90721    
   27.00104    
   26.31685    
   25.56178    
   24.75104    
   23.96712    
   23.19011    
   22.39663    
   21.63759    
   20.94075    
   20.26992    
   19.61366    
   18.95518    
   18.35062    
   17.78226    
   17.42532    
   16.96148    
   16.41054    
   15.87523    
   15.37404    
   14.89890    
   14.50612    
   14.20048    
   14.12376    
   13.73103    
   13.31600    
   12.90950    
   12.50113    
   12.13972    
   11.82055    
   11.53156    
   11.23184    
   10.91682    
   10.60662    
   10.28892    
   9.965861    
   9.651376    
   9.379230    
   9.107885    
   8.833582    
   8.585358    
   8.357481    
   8.138315    
   7.911454    
   7.705873    
   7.503067    
   7.303744    
   7.184560    
   7.045559    
   6.880234    
   6.716649    
   6.608300    
   6.428247    
   6.278885    
   6.142699    
   6.001163    
   5.860885    
   5.731300    
   5.601288    
   5.476865    
   5.357256    
   5.235484    
   5.123650    
   5.011569    
   4.899664    
   4.788389    
   4.680322    
   4.574307    
   4.472996    
   4.400963    
   4.307989    
   4.224567    
   4.136002    
   4.050609    
   3.970070    
   3.892126    
   3.807318    
   3.721886    
   3.642623    
   3.569399    
   3.497307    
   3.429598    
   3.360425    
   3.310261    
   3.263587    
   3.217720    
   3.170749    
   3.127101    
   3.080458    
   3.033736    
   3.032932    
   2.997781    
   2.952227    
   2.906706    
   2.862916    
   4.042023    
   5.309626    
   7.304759    
   7.389265    
   7.301937    
   7.242309    
   7.212097    
   7.831375    
   9.523844    
   10.08250    
   10.91775    
   13.87527    
   17.00360    
   18.56960    
   18.36985    
   24.68059    
   28.05881    
   27.88347    
   27.75784    
   27.47446    
   27.18571    
   26.87156    
   26.56464    
   26.26604    
   25.96828    
   25.71419    
   25.86659    
   25.69335    
   30.49917    
   39.63925    
   47.37912    
   46.97032    
   46.51976    
   46.04181    
   45.54802    
   45.07493    
   44.63453    
   44.15998    
   43.68041    
   44.30671    
   44.23152    
   43.71546    
   43.21777    
   43.07055    
   43.13715    
   43.38626    
   42.97396    
   42.57402    
   42.18224    
   41.79474    
   41.38109    
   42.03939    
   44.05640    
   45.71534    
   47.44007    
   47.01196    
   46.58393    
   46.35811    
   47.70380    
   47.79288    
   47.49780    
   47.09352    
   46.72737    
   46.29950    
   45.87959    
   45.48759    
   45.71268    
   45.46195    
   45.46260    
   50.48370    
   52.61747    
   53.37838    
   59.63407    
   70.36685    
   69.78084    
   69.17377    
   68.52282    
   67.94756    
   67.33984    
   66.76402    
   66.34176    
   71.08411    
   72.37947    
   73.02488    
   72.73624    
   72.03794    
   71.34892    
   70.68415    
   70.08941    
   69.48817    
   68.95651    
   68.49300    
   67.89423    
   82.00683    
   82.66249    
   81.99422    
   81.57645    
   82.51391    
   85.03524    
   85.92506    
   86.67719    
   86.61973    
   87.99982    
   90.16841    
   90.76801    
   91.65860    
   90.85977    
   90.06125    
   89.29766    
   89.22315    
   89.41270    
   89.25571    
   88.79962    
   93.40585    
   94.14666    
   93.38888    
   92.54869    
   92.12967    
   92.29243    
   92.28725    
   91.61248    
   91.92656    
   91.62918    
   90.71210    
   89.77490    
   88.85490    
   87.95344    
   90.24065    
   89.55125    
   88.93032    
   90.46252    
   94.70223    
   94.68851    
   93.72942    
   92.86911    
   92.01358    
   101.0940    
   117.1242    
   117.8066    
   116.6227    
   115.8515    
   116.7857    
   116.8251    
   119.4220    
   126.1499    
   127.9777    
   127.4710    
   131.9030    
   133.1962    
   131.8674    
   130.8923    
   143.0802    
   152.3221    
   163.3265    
   162.0706    
   160.2040    
   158.3399    
   161.3137    
   161.3596    
   159.6399    
   157.8799    
   166.1630    
   172.6277    
   173.4324    
   172.7704    
   170.8046    
   168.5396    
   166.2496    
   164.1020    
   162.5967    
   160.3007    
   157.5916    
   156.9614    
   182.1879    
   179.5540    
   177.0717    
   174.1181    
   170.9184    
   168.7874    
   167.0617    
   166.6171    
   166.4578    
   165.6844    
   163.6448    
   161.2036    
   158.3075    
   159.2499    
   164.0722    
   161.1403    
   158.0438    
   154.8860    
   151.6297    
   148.5850    
   145.4101    
   143.5724    
   143.0707    
   140.1814    
   137.3933    
   134.6082    
   131.6962    
   129.0702    
   127.1922    
   124.7091    
   124.2090    
   125.1371    
   123.0766    
   121.1174    
   118.3722    
   115.6258    
   113.0012    
   111.2102    
   108.9162    
   106.6581    
   105.3741    
   104.2490    
   109.9713    
   107.8743    
   105.6619    
   103.5326    
   101.4074    
   99.01769    
   97.08420    
   95.41021    
   94.94657    
   92.98598    
   90.89592    
   88.76642    
   86.71889    
   84.81939    
   82.94765    
   81.18352    
   79.13936    
   77.06123    
   75.07013    
   73.13750    
   71.28680    
   69.47908    
   67.64127    
   65.90508    
   64.11762    
   62.25374    
   60.51842    
   59.07719    
   57.79951    
   56.96629    
   55.35699    
   53.79279    
   52.35801    
   58.35143    
   56.92512    
   55.25475    
   53.58373    
   52.02821    
   50.54985    
   49.28740    
   48.22669    
   46.86892    
   45.44128    
   44.14190    
   42.84481    
   41.52672    
   40.14682    
   38.98979    
   37.84156    
   36.73451    
   35.57527    
   34.45789    
   33.44990    
   32.51890    
   31.59102    
   30.70134    
   29.85513    
   29.05339    
   28.23010    
   27.63380    
   26.87282    
   26.25041    
   25.90212    
   25.15596    
   24.39712    
   23.66863    
   22.93247    
   22.17448    
   21.45255    
   20.80346    
   20.16978    
   19.55237    
   18.91961    
   18.34669    
   17.75037    
   17.15999    
   16.56998    
   16.01980    
   15.49928    
   15.00048    
   14.51082    
   14.04207    
   13.59831    
   13.19231    
   12.79377    
   12.39163    
   11.97490    
   11.64050    
   11.32265    
   11.07479    
   11.36840    
   11.04020    
   10.71078    
   10.39923    
   10.10005    
   9.826775    
   9.550427    
   9.271141    
   8.993652    
   8.703138    
   8.450088    
   8.208208    
   7.981533    
   7.772060    
   7.559109    
   7.342214    
   7.146120    
   6.947010    
   6.772065    
   6.605605    
   6.444350    
   6.296151    
   6.148780    
   6.000095    
   5.866121    
   5.738599    
   5.613451    
   5.490987    
   5.371407    
   5.245049    
   5.128642    
   5.024487    
   4.921394    
   4.836069    
   4.821789    
   5.008614    
   4.902648    
   4.802638    
   4.711743    
   4.620858    
   4.531309    
   4.443179    
   4.365604    
   4.304492    
   4.237809    
   4.159760    
   4.115014    
   4.544828    
   4.961171    
   13.99853    
   15.17011    
   18.61630    
   18.34978    
   18.08436    
   17.84069    
   19.19727    
   19.14959    
   20.55079    
   20.84536    
   20.54745    
   20.25151    
   22.73457    
   44.58287    
   50.61737    
   50.12312    
   53.16344    
   53.66036    
   58.04522    
   67.05860    
   66.00245    
   64.96799    
   63.89884    
   62.85940    
   61.77888    
   60.70936    
   59.63993    
   58.68165    
   57.79711    
   56.91366    
   56.14573    
   57.98407    
   58.39283    
   64.69783    
   64.78857    
   64.40642    
   64.99504    
   64.26668    
   63.50805    
   62.77142    
   62.61819    
   61.87223    
   61.11222    
   60.47366    
   60.56158    
   60.05358    
   59.40336    
   58.90425    
   58.22094    
   57.54264    
   56.91291    
   56.33052    
   55.80228    
   55.32061    
   54.85378    
   54.39314    
   53.87419    
   53.33089    
   54.41228    
   57.02886    
   61.06786    
   63.26785    
   75.88547    
   81.97518    
   84.31173    
   83.64394    
   83.10271    
   83.25225    
   103.8885    
   102.6988    
   101.9865    
   121.9215    
   123.6112    
   125.0044    
   123.9828    
   123.5853    
   122.2372    
   120.8810    
   119.5429    
   118.2225    
   116.9235    
   115.6614    
   114.4296    
   113.1889    
   120.2717    
   119.2544    
   117.9751    
   117.3609    
   116.4076    
   115.2027    
   120.7546    
   121.3657    
   122.2891    
   123.8520    
   122.7997    
   121.4471    
   120.1631    
   121.2876    
   124.0550    
   122.7316    
   121.3689    
   120.0242    
   118.6975    
   117.6476    
   118.8545    
   122.3726    
   125.9208    
   128.5376    
   127.8549    
   126.6197    
   126.5739    
   129.6655    
   129.9811    
   129.4975    
   129.9352    
   129.2127    
   128.2650    
   126.8562    
   125.4386    
   124.0399    
   127.6144    
   126.7567    
   127.0363    
   126.5816    
   125.1676    
   126.4261    
   126.7791    
   126.4975    
   125.9688    
   128.3757    
   127.9961    
   133.2580    
   134.0464    
   132.7887    
   133.2907    
   132.7114    
   132.0476    
   130.5854    
   129.1693    
   127.7937    
   126.7511    
   126.3971    
   126.4701    
   126.4322    
   126.3350    
   136.5591    
   136.2802    
   136.8446    
   137.5585    
   139.5404    
   138.5002    
   137.5107    
   136.4734    
   135.2283    
   134.1240    
   135.5435    
   137.1893    
   136.2431    
   135.4476    
   138.3264    
   137.5295    
   136.5644    
   135.0394    
   133.5632    
   133.5677    
   141.2324    
   141.4670    
   139.9080    
   138.7742    
   137.6178    
   136.3921    
   136.1339    
   143.2447    
   148.2404    
   148.7299    
   147.3956    
   146.0040    
   144.4048    
   142.8592    
   141.0934    
   139.6834    
   138.7433    
   140.6048    
   146.6554    
   144.8213    
   143.7000    
   143.0108    
   145.4546    
   143.5938    
   141.6904    
   140.5776    
   139.9951    
   137.7333    
   135.2333    
   134.7095    
   146.9394    
   146.0472    
   143.8186    
   154.0692    
   170.1830    
   167.8949    
   165.3015    
   165.4534    
   162.7656    
   159.9942    
   157.3944    
   154.6149    
   151.9556    
   155.4049    
   152.7613    
   150.3389    
   149.8333    
   148.6466    
   146.7437    
   146.7469    
   148.5786    
   146.2703    
   153.0114    
   150.7838    
   149.5101    
   157.4647    
   157.3932    
   160.7886    
   167.7429    
   168.7132    
   167.0254    
   166.2466    
   166.2284    
   169.8374    
   168.3139    
   164.7596    
   161.5554    
   158.2890    
   157.3198    
   169.1301    
   165.9284    
   164.2254    
   166.7708    
   163.7636    
   159.6740    
   155.8047    
   152.8469    
   156.1612    
   152.9063    
   156.9280    
   153.4610    
   149.6466    
   146.0380    
   142.9712    
   144.0012    
   141.2556    
   137.7771    
   134.2637    
   130.5574    
   127.0136    
   123.5119    
   121.7161    
   121.2001    
   117.9272    
   114.7420    
   111.7618    
   108.8971    
   106.2321    
   103.4887    
   100.6998    
   97.84359    
   95.10672    
   92.40162    
   89.76559    
   87.16757    
   84.56519    
   81.98545    
   79.49638    
   76.96295    
   74.32018    
   71.92171    
   69.54395    
   67.35291    
   65.18322    
   63.19715    
   61.17358    
   59.17023    
   57.31182    
   55.69096    
   54.17015    
   52.67195    
   51.13187    
   49.49543    
   47.97379    
   46.46758    
   45.07998    
   43.70994    
   42.38371    
   41.14492    
   39.90008    
   38.68334    
   37.43041    
   36.27757    
   35.16422    
   34.06115    
   33.00515    
   31.94086    
   30.97434    
   29.97881    
   29.15752    
   29.02322    
   28.28893    
   27.51222    
   26.71971    
   25.97240    
   25.32435    
   24.67653    
   24.02932    
   23.48551    
   24.70328    
   24.22618    
   23.67786    
   23.05953    
   22.42679    
   21.84491    
   21.23690    
   20.68047    
   20.33312    
   19.80154    
   19.26706    
   18.74930    
   18.23679    
   17.73595    
   17.28197    
   16.85619    
   16.43781    
   18.22191    
   18.52112    
   18.17949    
   17.79172    
   17.44170    
   17.05339    
   16.67422    
   16.34197    
   16.07458    
   15.74907    
   15.42779    
   15.09444    
   14.76385    
   14.46125    
   14.16185    
   14.05393    
   13.83900    
   13.54545    
   13.32849    
   13.05698    
   12.80747    
   12.58190    
   12.34688    
   12.12368    
   11.89704    
   11.67757    
   11.47091    
   11.26645    
   11.05296    
   10.87380    
   10.69018    
   10.52498    
   10.44513    
   10.30079    
   10.16622    
   10.02970    
   9.893090    
   9.750979    
   9.615528    
   9.517433    
   11.12829    
   11.05726    
   10.90263    
   10.73237    
   10.57666    
   10.43259    
   10.29348    
   10.15006    
   10.03529    
   9.923287    
   9.799787    
   9.667134    
   9.542358    
   9.412882    
   11.04145    
   12.20790    
   12.06681    
   11.90435    
   11.74724    
   11.58940    
   11.46193    
   11.33909    
   11.21327    
   11.08839    
   10.97507    
   10.87811    
   10.78389    
   10.68818    
   10.64831    
   10.54927    
   10.45231    
   16.25228    
   27.85965    
   27.64027    
   27.92364    
   28.94737    
   30.08184    
   29.87929    
   29.61016    
   29.36052    
   29.15366    
   28.94590    
   28.71537    
   28.47099    
   28.20268    
   28.10155    
   28.26112    
   28.88749    
   30.22371    
   36.33466    
   36.28077    
   36.06697    
   35.85603    
   35.77324    
   36.04515    
   35.83947    
   36.81313    
   47.27269    
   51.43846    
   51.36821    
   52.31107    
   52.89469    
   52.73793    
   52.86591    
   52.51716    
   52.18611    
   51.88729    
   52.01435    
   52.70822    
   55.08747    
   58.53012    
   60.20558    
   62.02761    
   65.05398    
   65.07184    
   65.75972    
   67.81267    
   67.48675    
   67.13114    
   68.64466    
   71.29335    
   70.61423    
   71.30296    
   70.62371    
   70.17387    
   69.57174    
   68.91550    
   68.27411    
   69.75513    
   71.31554    
   71.96581    
   73.74107    
   75.92536    
   88.00285    
   89.50640    
   89.86140    
   94.54513    
   95.47090    
   94.62645    
   94.67710    
   93.77263    
   94.63219    
   94.07153    
   93.11264    
   92.21815    
   91.26094    
   90.31644    
   89.50787    
   89.78715    
   88.87076    
   88.66061    
   87.80108    
   86.90257    
   86.26469    
   85.51514    
   84.85262    
   83.99644    
   84.49924    
   96.25259    
   102.8378    
   104.5669    
   103.6981    
   102.7863    
   102.1533    
   101.1917    
   100.4084    
   99.40147    
   101.3352    
   101.1168    
   100.7606    
   101.3159    
   100.5466    
   100.0947    
   99.20268    
   98.15264    
   97.49369    
   98.80631    
   99.36626    
   98.36022    
   97.35307    
   96.33059    
   95.43883    
   94.52312    
   93.86681    
   92.89245    
   92.13308    
   91.13789    
   91.56791    
   90.50904    
   95.54906    
   95.17579    
   98.44686    
   119.9726    
   118.7893    
   118.4658    
   118.8787    
   117.8323    
   116.9393    
   117.9978    
   117.9542    
   118.6654    
   123.3857    
   134.8249    
   135.4649    
   134.0709    
   133.9866    
   135.7330    
   134.1974    
   132.6821    
   131.0345    
   129.4107    
   127.6170    
   125.7614    
   123.8642    
   121.9841    
   120.0649    
   118.9454    
   120.4834    
   119.4129    
   117.9614    
   116.0497    
   114.1236    
   127.2316    
   137.8798    
   135.8285    
   133.9556    
   132.5560    
   130.8175    
   129.3533    
   127.7077    
   125.7380    
   123.8568    
   121.3972    
   118.8797    
   116.2414    
   116.7148    
   114.8022    
   114.2397    
   113.2984    
   111.4030    
   120.2339    
   131.0756    
   131.6656    
   132.4609    
   135.4866    
   134.2824    
   132.2166    
   135.6486    
   133.7419    
   131.2998    
   130.0155    
   133.9158    
   137.9357    
   141.7987    
   139.0995    
   142.2317    
   151.2436    
   155.3763    
   156.5491    
   153.6561    
   151.0217    
   149.3881    
   146.2472    
   142.8036    
   139.3773    
   137.1733    
   134.1917    
   134.9010    
   132.7960    
   131.4971    
   128.7182    
   132.6664    
   129.4086    
   126.3324    
   123.5235    
   120.3975    
   120.3617    
   119.5288    
   116.9793    
   115.0746    
   112.4348    
   110.1812    
   107.2915    
   104.2594    
   102.8244    
   99.87958    
   97.13798    
   94.51237    
   91.96655    
   89.54595    
   87.00405    
   84.47365    
   82.03149    
   79.64895    
   77.36097    
   75.23563    
   73.27345    
   72.25507    
   70.44484    
   68.51042    
   66.35362    
   64.36897    
   62.41790    
   60.40337    
   58.51555    
   56.74380    
   55.02972    
   53.33820    
   51.66167    
   50.13021    
   48.70797    
   47.35418    
   46.00894    
   44.71943    
   43.44767    
   42.18738    
   40.95390    
   39.77274    
   38.70082    
   37.65776    
   36.60621    
   35.42879    
   34.23527    
   33.11814    
   32.15775    
   31.25864    
   30.38734    
   29.48841    
   28.63434    
   27.80047    
   26.99567    
   26.32144    
   25.51008    
   24.88574    
   24.84031    
   25.14474    
   24.40795    
   23.70410    
   23.23882    
   22.59877    
   21.98993    
   21.44324    
   21.04680    
   20.87076    
   21.67879    
   21.14009    
   20.58374    
   20.00688    
   19.49421    
   18.99430    
   18.49491    
   17.98519    
   17.50516    
   17.06395    
   16.60444    
   16.15481    
   15.70445    
   15.29549    
   14.88262    
   14.49844    
   14.18451    
   13.89073    
   13.67977    
   13.50758    
   13.14660    
   15.63804    
   15.23211    
   14.80031    
   14.85333    
   14.47435    
   14.14410    
   13.82671    
   13.51443    
   13.22353    
   12.92479    
   12.62295    
   12.36052    
   12.10418    
   11.86565    
   11.63006    
   11.36364    
   11.12150    
   10.88335    
   10.65660    
   10.43180    
   10.19346    
   9.963638    
   9.749453    
   9.527596    
   9.313905    
   9.323929    
   9.162647    
   8.971661    
   8.817580    
   8.649380    
   8.498772    
   8.334473    
   8.183502    
   8.032211    
   7.897034    
   7.766771    
   7.645807    
   7.550569    
   7.472905    
   7.475919    
   7.406010    
   7.343814    
   7.251889    
   7.170467    
   13.26983    
   13.10896    
   18.24684    
   18.23066    
   17.99847    
   17.77701    
   17.56086    
   17.31141    
   17.09281    
   16.90615    
   17.57942    
   17.34382    
   18.06860    
   18.20043    
   18.20334    
   17.98480    
   17.76248    
   26.04498    
   30.15117    
   29.84067    
   32.29926    
   47.78056    
   75.42256    
   74.52496    
   73.68343    
   72.86580    
   71.97952    
   71.07552    
   70.11593    
   69.58074    
   69.74884    
   93.74994    
   110.3449    
   112.3432    
   113.6703    
   114.8673    
   117.8232    
   116.5324    
   115.1840    
   113.7719    
   112.4170    
   111.1013    
   109.8841    
   111.5609    
   115.4310    
   122.2643    
   121.2555    
   122.4662    
   125.6988    
   125.1178    
   123.7256    
   124.5736    
   124.0114    
   122.8433    
   121.8328    
   120.9086    
   119.9109    
   123.0126    
   130.9365    
   129.7366    
   128.4877    
   127.2855    
   125.9013    
   124.4688    
   126.6780    
   138.2605    
   136.8429    
   135.3894    
   133.8962    
   132.3391    
   130.8486    
   130.0237    
   128.5543    
   127.1978    
   126.1973    
   124.9146    
   123.6420    
   124.5159    
   124.5607    
   123.1533    
   121.7764    
   120.4580    
   124.9805    
   125.6278    
   125.7226    
   147.4810    
   149.0014    
   149.0608    
   147.3475    
   145.6570    
   143.9890    
   142.3433    
   140.7196    
   139.3433    
   137.7595    
   136.2287    
   138.2659    
   140.8943    
   139.8968    
   138.4162    
   136.8448    
   135.5577    
   135.6418    
   136.8351    
   143.6827    
   142.0741    
   140.5093    
   139.2746    
   137.8288    
   136.3112    
   137.3540    
   136.3085    
   135.2022    
   136.6532    
   137.6539    
   136.8263    
   135.2761    
   133.7465    
   132.2418    
   130.7571    
   129.4472    
   129.1598    
   128.9423    
   128.0623    
   128.8777    
   129.4065    
   132.4974    
   132.1746    
   132.7501    
   138.1620    
   137.5095    
   135.9861    
   134.4470    
   132.9189    
   132.9464    
   135.8229    
   136.2272    
   135.7136    
   134.5468    
   133.4185    
   148.8111    
   148.7818    
   147.0157    
   145.2287    
   143.4933    
   141.6872    
   139.9685    
   145.3949    
   144.5253    
   144.7322    
   145.5475    
   149.5392    
   154.1829    
   154.3793    
   158.7502    
   157.9503    
   157.7739    
   155.7796    
   153.7043    
   151.6297    
   152.1633    
   152.7863    
   154.4794    
   154.3358    
   158.1617    
   157.4024    
   157.1363    
   154.9838    
   152.6695    
   150.6390    
   148.6584    
   146.6455    
   147.6259    
   147.2925    
   148.5825    
   146.4553    
   144.0963    
   141.6637    
   138.9892    
   138.6391    
   140.3812    
   137.8146    
   135.4294    
   133.1174    
   130.7284    
   128.4304    
   125.9603    
   123.5776    
   121.6647    
   119.4738    
   117.1834    
   114.8001    
   112.8120    
   110.5867    
   113.4928    
   115.1997    
   131.3895    
   156.5896    
   156.2464    
   153.3022    
   158.0211    
   166.4802    
   163.4825    
   161.0076    
   158.0177    
   161.6152    
   158.5747    
   163.8038    
   160.6582    
   157.3366    
   153.8424    
   150.4371    
   147.1416    
   143.8958    
   142.3033    
   139.3152    
   136.2822    
   133.7097    
   131.0912    
   128.4712    
   125.6685    
   122.8953    
   119.9810    
   117.0050    
   114.1478    
   111.5840    
   108.8277    
   106.0627    
   104.0591    
   101.3241    
   98.63930    
   95.98167    
   94.56783    
   91.86008    
   89.08804    
   86.61850    
   85.38195    
   85.11244    
   82.99129    
   80.73911    
   78.33309    
   75.91891    
   73.55220    
   71.25516    
   69.11952    
   67.15023    
   65.14875    
   63.28086    
   61.41485    
   59.58768    
   58.09386    
   56.51522    
   54.94022    
   53.44402    
   52.08152    
   54.21127    
   52.89667    
   51.37907    
   49.96761    
   48.69030    
   51.69850    
   52.59817    
   51.40243    
   50.08168    
   48.70166    
   47.18512    
   45.62502    
   44.21908    
   42.85088    
   41.52204    
   40.29208    
   39.16719    
   38.07038    
   37.05629    
   35.94152    
   34.93206    
   33.82823    
   32.76618    
   31.73991    
   30.74835    
   29.76608    
   28.89111    
   28.04137    
   27.25305    
   26.45501    
   25.67291    
   24.89734    
   24.10299    
   23.37547    
   22.69258    
   22.03950    
   21.35003    
   20.67216    
   20.01993    
   19.41441    
   18.88553    
   18.36885    
   17.85533    
   17.33647    
   16.86658    
   16.41277    
   15.95374    
   15.50672    
   15.04723    
   14.64437    
   14.24784    
   13.85894    
   13.46199    
   13.07176    
   12.68490    
   12.31781    
   11.95421    
   11.61066    
   11.29107    
   10.97279    
   10.66168    
   10.36818    
   10.08099    
   9.832638    
   9.572946    
   9.305717    
   9.047431    
   8.815166    
   8.587115    
   8.378894    
   8.185316    
   8.069041    
   7.966881    
   7.860292    
   7.868469    
   8.212810    
   8.167713    
   10.46525    
   13.78948    
   13.55048    
   13.24887    
   12.94683    
   12.86691    
   12.69326    
   12.51993    
   12.28423    
   12.03884    
   11.79694    
   11.57069    
   11.37738    
   11.17398    
   10.96691    
   10.76074    
   10.55064    
   10.38435    
   10.93145    
   11.04504    
   12.13488    
   11.98039    
   11.77346    
   17.33899    
   22.89576    
   25.38758    
   25.06405    
   24.70874    
   24.35627    
   23.99992    
   23.92924    
   23.63668    
   23.33482    
   23.04285    
   22.76111    
   22.47281    
   22.20681    
   35.04173    
   43.39022    
   43.51154    
   43.27529    
   44.69311    
   48.06593    
   47.30928    
   46.87471    
   47.43362    
   46.80383    
   46.21829    
   47.17514    
   46.51844    
   45.98494    
   46.05794    
   45.78378    
   49.37432    
   48.75459    
   48.15479    
   47.57088    
   51.28507    
   68.84120    
   88.89308    
   101.0192    
   104.3454    
   103.1432    
   101.8596    
   100.5857    
   99.33925    
   98.01707    
   96.89054    
   97.22770    
   96.61488    
   104.6102    
   103.4424    
   102.0817    
   101.7619    
   102.7883    
   101.7863    
   123.6484    
   124.7642    
   130.6728    
   129.7164    
   128.3194    
   126.7275    
   125.2184    
   123.6548    
   122.4661    
   120.9835    
   121.5694    
   120.6173    
   119.9083    
   119.5260    
   118.2058    
   116.9032    
   115.6195    
   114.3512    
   113.0999    
   112.1067    
   117.2278    
   116.3228    
   115.0701    
   117.4058    
   116.2245    
   115.1732    
   114.4513    
   115.5915    
   114.4108    
   113.1586    
   111.9301    
   110.7140    
   109.5860    
   108.3980    
   107.2257    
   106.1120    
   111.9098    
   112.8375    
   115.8955    
   115.2721    
   114.2235    
   113.0566    
   111.8464    
   110.5974    
   109.4393    
   108.2707    
   107.1076    
   106.1467    
   105.0512    
   105.7110    
   109.5573    
   108.4712    
   107.2911    
   106.1238    
   108.3412    
   110.4197    
   110.2059    
   109.0383    
   108.9223    
   107.7431    
   106.6719    
   105.5226    
   104.3909    
   103.2719    
   102.4555    
   101.4742    
   100.3741    
   99.34386    
   99.64035    
   98.56954    
   99.91416    
   98.79018    
   97.65016    
   96.80731    
   105.7163    
   104.8201    
   103.8130    
   105.2488    
   104.1438    
   103.0984    
   102.0036    
   101.0163    
   99.95076    
   98.89423    
   101.6504    
   107.7986    
   108.6216    
   107.9845    
   106.9153    
   105.8136    
   104.5703    
   103.5087    
   111.5510    
   110.4242    
   109.2250    
   108.0418    
   106.8743    
   105.7002    
   104.5700    
   103.3708    
   102.2106    
   100.9794    
   99.72552    
   98.50877    
   97.48056    
   97.41247    
   97.78007    
   96.99911    
   96.86835    
   97.19547    
   99.33366    
   98.98956    
   98.23676    
   100.0878    
   102.6150    
   102.9922    
   103.9136    
   105.7653    
   104.3946    
   102.9793    
   101.5895    
   100.1474    
   100.0043    
   100.3623    
   100.5458    
   99.37379    
   98.18450    
   96.96423    
   95.64774    
   94.16037    
   92.55305    
   91.85992    
   94.25347    
   93.06261    
   91.81078    
   90.54894    
   89.66203    
   88.24432    
   89.55083    
   100.5954    
   111.9119    
   110.4976    
   112.2432    
   110.8823    
   109.1040    
   107.4016    
   106.8597    
   109.1398    
   107.5764    
   107.8624    
   113.9246    
   120.6521    
   138.0647    
   137.6814    
   136.9517    
   135.7259    
   137.6200    
   137.8887    
   136.0739    
   135.0195    
   136.0515    
   132.8786    
   130.0354    
   132.9313    
   135.6664    
   135.3629    
   133.0748    
   130.7226    
   128.1910    
   125.9042    
   125.6484    
   128.6341    
   128.3765    
   125.6011    
   122.7575    
   119.9478    
   117.0423    
   114.9302    
   112.9001    
   110.7564    
   107.9587    
   105.1274    
   102.3842    
   99.97469    
   98.78606    
   99.43286    
   103.7616    
   116.7132    
   114.8626    
   117.9350    
   120.4323    
   123.2319    
   130.9579    
   141.4898    
   141.4265    
   140.9539    
   139.7009    
   136.9479    
   133.0982    
   129.0884    
   125.4471    
   121.9454    
   118.9437    
   115.7245    
   113.6056    
   112.6019    
   111.7939    
   109.1737    
   105.8907    
   102.6461    
   99.27125    
   96.38583    
   93.66352    
   91.02761    
   88.39610    
   85.88881    
   84.56134    
   82.14530    
   79.56160    
   77.32790    
   75.07001    
   72.90945    
   70.74834    
   68.55222    
   66.68606    
   64.83203    
   62.83226    
   60.82035    
   58.84844    
   56.94758    
   55.20870    
   53.54171    
   51.88572    
   50.13675    
   48.40449    
   46.77052    
   45.22235    
   43.68581    
   42.18359    
   40.72517    
   39.32076    
   38.00707    
   36.79168    
   35.60566    
   34.44833    
   33.35557    
   32.29233    
   31.30313    
   30.36474    
   29.42747    
   28.48112    
   27.58021    
   26.70328    
   25.87094    
   25.06356    
   24.26800    
   23.52409    
   22.80313    
   22.12519    
   21.46933    
   20.82195    
   20.18722    
   19.59902    
   19.06006    
   18.52322    
   17.98188    
   17.43135    
   16.94571    
   16.47018    
   15.99988    
   15.54871    
   15.11814    
   14.72284    
   14.32598    
   13.92503    
   13.54634    
   13.18712    
   12.81346    
   12.42732    
   12.06263    
   11.71671    
   11.38448    
   11.10227    
   10.82317    
   10.53730    
   10.27535    
   10.04944    
   9.830173    
   9.613216    
   9.393727    
   9.918251    
   10.86106    
   10.62395    
   10.38568    
   10.14691    
   9.927320    
   10.33812    
   10.10809    
   9.893238    
   9.687718    
   9.756113    
   15.30964    
   17.68113    
   17.40203    
   17.08495    
   16.76123    
   16.43836    
   16.17420    
   16.00019    
   15.71327    
   16.96947    
   16.69842    
   16.44220    
   16.16245    
   15.90251    
   15.67647    
   15.48899    
   15.30029    
   15.11569    
   14.93701    
   14.74658    
   14.52994    
   14.31239    
   15.12630    
   15.10608    
   14.98946    
   14.81998    
   14.64638    
   14.59000    
   14.45528    
   14.32612    
   14.16933    
   14.28278    
   14.11245    
   13.94164    
   16.52407    
   16.40302    
   16.22273    
   16.09444    
   15.91493    
   15.72478    
   15.50531    
   15.29406    
   15.19450    
   18.91009    
   19.92849    
   19.72722    
   19.55443    
   19.38900    
   19.21589    
   19.01629    
   18.96237    
   18.84956    
   18.73365    
   18.64228    
   18.53920    
   18.42444    
   18.29843    
   18.16104    
   18.02298    
   17.86141    
   17.69426    
   17.54052    
   17.37656    
   17.20936    
   17.70449    
   22.10514    
   24.75378    
   24.72705    
   24.62992    
   24.51083    
   24.39279    
   24.29447    
   24.19777    
   24.12810    
   24.07031    
   23.95292    
   24.07318    
   24.50334    
   24.39473    
   24.75798    
   26.06786    
   26.52122    
   27.33653    
   29.06407    
   31.57850    
   37.67170    
   37.47503    
   37.24537    
   38.29580    
   39.01253    
   38.95822    
   38.70884    
   38.46278    
   38.23727    
   38.05510    
   37.81773    
   37.58351    
   37.34823    
   37.20892    
   36.97349    
   36.80916    
   36.56520    
   36.31979    
   36.08030    
